<TICKER>,<PER>,<DATE>,<TIME>,<OPEN>,<HIGH>,<LOW>,<CLOSE>
SPFB.GOLD,D,20070109,000000,622.00000,623.90000,614.80000,615.60000
SPFB.GOLD,D,20070110,000000,622.80000,622.80000,614.10000,615.50000
SPFB.GOLD,D,20070111,000000,619.00000,623.20000,618.50000,619.60000
SPFB.GOLD,D,20070112,000000,621.20000,627.50000,619.70000,625.50000
SPFB.GOLD,D,20070115,000000,629.10000,633.90000,629.10000,633.00000
SPFB.GOLD,D,20070116,000000,632.70000,634.70000,631.70000,632.00000
SPFB.GOLD,D,20070117,000000,632.00000,634.40000,627.50000,634.00000
SPFB.GOLD,D,20070118,000000,639.30000,642.00000,635.50000,637.00000
SPFB.GOLD,D,20070119,000000,634.60000,636.80000,633.40000,636.80000
SPFB.GOLD,D,20070122,000000,640.00000,644.70000,638.30000,644.10000
SPFB.GOLD,D,20070123,000000,642.00000,649.00000,641.10000,648.70000
SPFB.GOLD,D,20070124,000000,650.70000,650.70000,645.00000,645.10000
SPFB.GOLD,D,20070125,000000,650.00000,660.00000,650.00000,658.50000
SPFB.GOLD,D,20070126,000000,652.00000,654.00000,646.90000,652.90000
SPFB.GOLD,D,20070129,000000,652.00000,652.00000,647.10000,651.50000
SPFB.GOLD,D,20070130,000000,648.30000,652.90000,647.30000,651.80000
SPFB.GOLD,D,20070131,000000,652.70000,659.50000,649.00000,657.00000
SPFB.GOLD,D,20070201,000000,658.00000,666.40000,657.00000,664.00000
SPFB.GOLD,D,20070202,000000,661.20000,664.10000,650.60000,653.80000
SPFB.GOLD,D,20070205,000000,652.00000,656.80000,651.10000,654.60000
SPFB.GOLD,D,20070206,000000,655.30000,662.50000,655.30000,658.30000
SPFB.GOLD,D,20070207,000000,660.00000,661.30000,658.00000,658.30000
SPFB.GOLD,D,20070208,000000,655.50000,662.00000,653.10000,662.00000
SPFB.GOLD,D,20070209,000000,663.00000,670.80000,660.10000,666.10000
SPFB.GOLD,D,20070212,000000,669.00000,669.90000,665.90000,667.20000
SPFB.GOLD,D,20070213,000000,668.20000,673.20000,666.80000,668.80000
SPFB.GOLD,D,20070214,000000,670.00000,675.70000,670.00000,673.00000
SPFB.GOLD,D,20070215,000000,673.00000,673.60000,668.20000,670.30000
SPFB.GOLD,D,20070216,000000,671.30000,671.30000,665.50000,667.30000
SPFB.GOLD,D,20070219,000000,677.00000,677.50000,671.10000,674.20000
SPFB.GOLD,D,20070220,000000,674.00000,674.00000,662.50000,663.60000
SPFB.GOLD,D,20070221,000000,663.00000,665.00000,660.90000,664.80000
SPFB.GOLD,D,20070222,000000,678.50000,681.60000,677.40000,680.00000
SPFB.GOLD,D,20070226,000000,679.50000,689.70000,679.50000,686.90000
SPFB.GOLD,D,20070227,000000,685.50000,687.40000,676.00000,678.00000
SPFB.GOLD,D,20070228,000000,673.00000,679.00000,664.00000,668.00000
SPFB.GOLD,D,20070301,000000,671.10000,676.20000,666.50000,670.30000
SPFB.GOLD,D,20070302,000000,661.60000,664.80000,650.00000,653.40000
SPFB.GOLD,D,20070305,000000,640.00000,644.00000,632.10000,640.00000
SPFB.GOLD,D,20070306,000000,644.00000,645.60000,640.20000,642.60000
SPFB.GOLD,D,20070307,000000,643.70000,650.30000,642.10000,650.30000
SPFB.GOLD,D,20070309,000000,652.80000,656.70000,649.80000,650.30000
SPFB.GOLD,D,20070315,000000,662.70000,662.70000,661.00000,661.00000
SPFB.GOLD,D,20070316,000000,666.50000,672.40000,666.10000,670.50000
SPFB.GOLD,D,20070319,000000,671.20000,673.50000,669.50000,669.50000
SPFB.GOLD,D,20070320,000000,669.90000,676.50000,669.50000,674.70000
SPFB.GOLD,D,20070321,000000,677.10000,678.20000,673.80000,674.20000
SPFB.GOLD,D,20070322,000000,679.80000,681.20000,679.80000,680.50000
SPFB.GOLD,D,20070323,000000,676.60000,678.90000,673.00000,673.00000
SPFB.GOLD,D,20070326,000000,676.00000,679.10000,676.00000,679.10000
SPFB.GOLD,D,20070327,000000,680.10000,683.00000,678.80000,679.00000
SPFB.GOLD,D,20070328,000000,683.20000,683.20000,683.00000,683.00000
SPFB.GOLD,D,20070329,000000,681.00000,681.00000,681.00000,681.00000
SPFB.GOLD,D,20070330,000000,678.20000,679.50000,677.90000,679.40000
SPFB.GOLD,D,20070402,000000,677.70000,680.20000,673.80000,673.80000
SPFB.GOLD,D,20070403,000000,679.00000,680.60000,677.40000,680.50000
SPFB.GOLD,D,20070404,000000,680.00000,685.00000,679.00000,685.00000
SPFB.GOLD,D,20070405,000000,687.00000,687.90000,684.90000,687.10000
SPFB.GOLD,D,20070406,000000,684.00000,684.00000,684.00000,684.00000
SPFB.GOLD,D,20070409,000000,686.70000,686.70000,686.70000,686.70000
SPFB.GOLD,D,20070410,000000,687.90000,689.50000,687.30000,688.10000
SPFB.GOLD,D,20070411,000000,685.00000,688.20000,684.70000,688.20000
SPFB.GOLD,D,20070412,000000,686.50000,687.70000,684.70000,685.60000
SPFB.GOLD,D,20070413,000000,686.00000,690.60000,685.50000,688.40000
SPFB.GOLD,D,20070416,000000,694.60000,695.20000,693.50000,695.20000
SPFB.GOLD,D,20070417,000000,695.00000,699.90000,694.90000,696.00000
SPFB.GOLD,D,20070418,000000,698.10000,698.70000,690.40000,698.20000
SPFB.GOLD,D,20070419,000000,690.20000,692.90000,688.70000,688.70000
SPFB.GOLD,D,20070420,000000,693.30000,701.00000,692.50000,701.00000
SPFB.GOLD,D,20070423,000000,697.70000,699.20000,696.00000,697.70000
SPFB.GOLD,D,20070424,000000,697.60000,699.00000,694.40000,696.50000
SPFB.GOLD,D,20070425,000000,691.50000,694.20000,691.50000,693.60000
SPFB.GOLD,D,20070426,000000,693.00000,693.00000,680.70000,680.70000
SPFB.GOLD,D,20070427,000000,679.30000,684.70000,677.50000,684.70000
SPFB.GOLD,D,20070428,000000,687.10000,687.20000,684.30000,684.60000
SPFB.GOLD,D,20070502,000000,679.50000,680.00000,673.40000,674.80000
SPFB.GOLD,D,20070503,000000,679.00000,682.60000,679.00000,680.90000
SPFB.GOLD,D,20070504,000000,686.40000,695.10000,686.30000,694.00000
SPFB.GOLD,D,20070507,000000,693.60000,696.80000,693.60000,695.80000
SPFB.GOLD,D,20070508,000000,694.00000,694.30000,691.10000,691.80000
SPFB.GOLD,D,20070510,000000,686.50000,686.50000,679.70000,681.10000
SPFB.GOLD,D,20070511,000000,674.80000,676.60000,672.70000,674.40000
SPFB.GOLD,D,20070514,000000,680.50000,680.60000,676.00000,677.90000
SPFB.GOLD,D,20070515,000000,675.40000,676.00000,669.50000,673.70000
SPFB.GOLD,D,20070516,000000,679.00000,679.00000,671.00000,671.50000
SPFB.GOLD,D,20070517,000000,668.20000,668.80000,660.50000,661.50000
SPFB.GOLD,D,20070518,000000,663.90000,665.60000,655.10000,661.90000
SPFB.GOLD,D,20070521,000000,666.00000,667.20000,658.10000,663.00000
SPFB.GOLD,D,20070522,000000,666.40000,669.30000,666.00000,666.10000
SPFB.GOLD,D,20070523,000000,663.90000,667.30000,658.00000,666.70000
SPFB.GOLD,D,20070524,000000,664.70000,665.90000,660.00000,661.50000
SPFB.GOLD,D,20070525,000000,657.30000,665.00000,656.60000,658.50000
SPFB.GOLD,D,20070528,000000,658.00000,659.00000,657.10000,657.10000
SPFB.GOLD,D,20070529,000000,658.80000,663.90000,657.90000,663.70000
SPFB.GOLD,D,20070530,000000,660.10000,660.40000,653.00000,655.60000
SPFB.GOLD,D,20070531,000000,663.20000,663.30000,657.70000,661.10000
SPFB.GOLD,D,20070601,000000,664.60000,669.80000,663.70000,668.50000
SPFB.GOLD,D,20070604,000000,671.30000,672.50000,670.80000,672.20000
SPFB.GOLD,D,20070605,000000,673.60000,674.20000,670.30000,671.70000
SPFB.GOLD,D,20070606,000000,671.90000,672.30000,668.50000,671.30000
SPFB.GOLD,D,20070607,000000,672.60000,673.20000,666.80000,667.90000
SPFB.GOLD,D,20070608,000000,659.10000,659.10000,653.20000,656.00000
SPFB.GOLD,D,20070609,000000,649.00000,651.90000,649.00000,651.90000
SPFB.GOLD,D,20070613,000000,658.50000,661.90000,656.10000,661.10000
SPFB.GOLD,D,20070614,000000,662.50000,664.20000,659.00000,664.20000
SPFB.GOLD,D,20070615,000000,663.20000,665.60000,662.00000,664.50000
SPFB.GOLD,D,20070618,000000,669.50000,671.10000,666.60000,666.60000
SPFB.GOLD,D,20070619,000000,665.40000,667.60000,664.40000,667.00000
SPFB.GOLD,D,20070620,000000,671.70000,671.70000,667.60000,668.20000
SPFB.GOLD,D,20070621,000000,665.00000,667.10000,662.80000,663.00000
SPFB.GOLD,D,20070622,000000,662.20000,666.30000,662.00000,663.70000
SPFB.GOLD,D,20070625,000000,663.00000,663.30000,659.00000,661.10000
SPFB.GOLD,D,20070626,000000,660.50000,660.50000,657.00000,658.00000
SPFB.GOLD,D,20070627,000000,653.80000,653.80000,649.00000,652.00000
SPFB.GOLD,D,20070628,000000,653.50000,657.50000,653.50000,657.50000
SPFB.GOLD,D,20070629,000000,656.00000,659.70000,656.00000,658.90000
SPFB.GOLD,D,20070702,000000,657.70000,663.10000,657.30000,663.10000
SPFB.GOLD,D,20070703,000000,659.00000,666.10000,659.00000,663.40000
SPFB.GOLD,D,20070704,000000,663.00000,663.60000,661.00000,663.60000
SPFB.GOLD,D,20070705,000000,663.20000,664.70000,660.80000,661.50000
SPFB.GOLD,D,20070706,000000,658.10000,658.10000,655.00000,657.20000
SPFB.GOLD,D,20070709,000000,658.80000,669.70000,658.80000,667.50000
SPFB.GOLD,D,20070710,000000,666.00000,677.00000,666.00000,673.20000
SPFB.GOLD,D,20070711,000000,673.60000,673.70000,669.60000,672.00000
SPFB.GOLD,D,20070712,000000,669.50000,674.90000,669.50000,674.90000
SPFB.GOLD,D,20070713,000000,674.50000,675.50000,671.00000,675.50000
SPFB.GOLD,D,20070716,000000,676.50000,676.50000,673.10000,673.20000
SPFB.GOLD,D,20070717,000000,671.50000,677.40000,670.00000,677.40000
SPFB.GOLD,D,20070718,000000,675.00000,676.80000,672.40000,673.90000
SPFB.GOLD,D,20070719,000000,678.70000,681.00000,678.50000,681.00000
SPFB.GOLD,D,20070720,000000,684.00000,688.90000,682.00000,687.90000
SPFB.GOLD,D,20070723,000000,688.50000,690.50000,683.80000,683.80000
SPFB.GOLD,D,20070724,000000,686.90000,693.20000,686.90000,689.10000
SPFB.GOLD,D,20070725,000000,686.50000,687.30000,681.00000,682.20000
SPFB.GOLD,D,20070726,000000,681.70000,682.50000,673.50000,679.80000
SPFB.GOLD,D,20070727,000000,674.80000,674.80000,665.40000,669.80000
SPFB.GOLD,D,20070730,000000,670.00000,670.00000,665.90000,667.00000
SPFB.GOLD,D,20070731,000000,669.10000,674.00000,669.10000,671.70000
SPFB.GOLD,D,20070801,000000,666.30000,674.00000,665.30000,670.50000
SPFB.GOLD,D,20070802,000000,670.30000,672.30000,669.70000,672.30000
SPFB.GOLD,D,20070803,000000,670.80000,682.20000,670.50000,682.20000
SPFB.GOLD,D,20070806,000000,678.80000,679.70000,676.50000,676.50000
SPFB.GOLD,D,20070807,000000,675.70000,676.30000,672.10000,674.00000
SPFB.GOLD,D,20070808,000000,675.40000,680.20000,675.20000,680.00000
SPFB.GOLD,D,20070809,000000,678.90000,679.00000,665.10000,666.10000
SPFB.GOLD,D,20070810,000000,668.20000,675.00000,662.20000,675.00000
SPFB.GOLD,D,20070813,000000,674.70000,676.40000,673.50000,674.00000
SPFB.GOLD,D,20070814,000000,674.40000,678.80000,670.10000,673.00000
SPFB.GOLD,D,20070815,000000,671.50000,675.10000,667.00000,675.10000
SPFB.GOLD,D,20070816,000000,669.70000,673.00000,665.70000,673.00000
SPFB.GOLD,D,20070817,000000,653.00000,669.90000,649.90000,661.00000
SPFB.GOLD,D,20070820,000000,660.60000,663.00000,657.10000,657.10000
SPFB.GOLD,D,20070821,000000,662.00000,662.80000,659.60000,662.40000
SPFB.GOLD,D,20070822,000000,667.10000,667.10000,659.80000,663.40000
SPFB.GOLD,D,20070823,000000,666.10000,670.00000,662.10000,667.50000
SPFB.GOLD,D,20070824,000000,655.00000,665.10000,655.00000,664.00000
SPFB.GOLD,D,20070827,000000,669.00000,670.60000,669.00000,669.20000
SPFB.GOLD,D,20070828,000000,670.30000,670.70000,667.50000,670.40000
SPFB.GOLD,D,20070829,000000,666.80000,671.50000,665.20000,669.20000
SPFB.GOLD,D,20070830,000000,668.10000,668.80000,664.10000,667.00000
SPFB.GOLD,D,20070831,000000,670.10000,676.00000,665.10000,673.30000
SPFB.GOLD,D,20070903,000000,674.70000,676.80000,672.00000,672.00000
SPFB.GOLD,D,20070904,000000,675.10000,679.10000,674.60000,679.10000
SPFB.GOLD,D,20070905,000000,679.10000,682.40000,679.10000,681.90000
SPFB.GOLD,D,20070906,000000,685.60000,690.40000,671.00000,689.00000
SPFB.GOLD,D,20070907,000000,693.90000,707.00000,692.80000,702.10000
SPFB.GOLD,D,20070910,000000,715.00000,721.80000,715.00000,719.10000
SPFB.GOLD,D,20070911,000000,718.10000,721.20000,717.50000,719.40000
SPFB.GOLD,D,20070912,000000,724.80000,729.80000,721.70000,722.40000
SPFB.GOLD,D,20070913,000000,723.00000,723.00000,717.00000,719.50000
SPFB.GOLD,D,20070917,000000,725.10000,730.90000,722.50000,728.70000
SPFB.GOLD,D,20070918,000000,730.20000,734.50000,727.00000,727.00000
SPFB.GOLD,D,20070919,000000,735.00000,738.30000,734.10000,737.00000
SPFB.GOLD,D,20070920,000000,736.20000,747.50000,735.70000,740.30000
SPFB.GOLD,D,20070921,000000,749.20000,753.60000,746.00000,749.20000
SPFB.GOLD,D,20070924,000000,747.40000,749.00000,742.50000,742.50000
SPFB.GOLD,D,20070925,000000,740.10000,742.50000,735.40000,742.20000
SPFB.GOLD,D,20070926,000000,744.00000,749.60000,742.10000,749.00000
SPFB.GOLD,D,20070927,000000,742.00000,749.30000,741.30000,747.00000
SPFB.GOLD,D,20070928,000000,749.90000,757.10000,749.00000,757.10000
SPFB.GOLD,D,20071001,000000,757.90000,769.50000,752.90000,754.20000
SPFB.GOLD,D,20071002,000000,750.10000,750.10000,741.10000,744.00000
SPFB.GOLD,D,20071003,000000,743.90000,745.30000,739.20000,741.60000
SPFB.GOLD,D,20071004,000000,735.10000,739.90000,730.00000,731.50000
SPFB.GOLD,D,20071005,000000,744.00000,747.60000,735.10000,746.00000
SPFB.GOLD,D,20071008,000000,745.50000,761.10000,741.00000,744.90000
SPFB.GOLD,D,20071009,000000,740.20000,745.30000,736.00000,744.60000
SPFB.GOLD,D,20071010,000000,752.00000,752.90000,746.30000,749.50000
SPFB.GOLD,D,20071011,000000,753.00000,755.10000,750.80000,754.00000
SPFB.GOLD,D,20071012,000000,754.90000,758.90000,753.00000,756.80000
SPFB.GOLD,D,20071015,000000,757.10000,766.80000,740.40000,765.80000
SPFB.GOLD,D,20071016,000000,768.00000,773.10000,761.80000,763.90000
SPFB.GOLD,D,20071017,000000,765.00000,770.60000,762.60000,768.80000
SPFB.GOLD,D,20071018,000000,766.00000,772.20000,762.50000,770.40000
SPFB.GOLD,D,20071019,000000,774.90000,777.00000,770.00000,774.90000
SPFB.GOLD,D,20071022,000000,767.20000,767.90000,751.00000,758.90000
SPFB.GOLD,D,20071023,000000,763.00000,767.50000,761.90000,763.90000
SPFB.GOLD,D,20071024,000000,762.80000,763.80000,759.20000,762.70000
SPFB.GOLD,D,20071025,000000,767.10000,774.30000,767.10000,772.00000
SPFB.GOLD,D,20071026,000000,780.00000,785.20000,778.50000,785.20000
SPFB.GOLD,D,20071029,000000,793.00000,799.40000,790.40000,791.80000
SPFB.GOLD,D,20071030,000000,789.80000,791.00000,784.30000,789.10000
SPFB.GOLD,D,20071031,000000,788.80000,795.40000,784.70000,794.40000
SPFB.GOLD,D,20071101,000000,804.00000,804.90000,788.40000,794.40000
SPFB.GOLD,D,20071102,000000,794.10000,801.60000,792.30000,798.80000
SPFB.GOLD,D,20071106,000000,814.00000,827.30000,813.10000,825.70000
SPFB.GOLD,D,20071107,000000,841.90000,850.00000,833.60000,840.40000
SPFB.GOLD,D,20071108,000000,837.20000,845.40000,830.70000,841.50000
SPFB.GOLD,D,20071109,000000,838.70000,840.40000,830.70000,834.90000
SPFB.GOLD,D,20071112,000000,823.00000,823.80000,806.00000,811.20000
SPFB.GOLD,D,20071113,000000,810.50000,812.30000,804.60000,809.50000
SPFB.GOLD,D,20071114,000000,809.00000,818.40000,807.50000,816.80000
SPFB.GOLD,D,20071115,000000,815.70000,816.60000,795.00000,799.00000
SPFB.GOLD,D,20071116,000000,793.00000,799.90000,789.10000,794.80000
SPFB.GOLD,D,20071119,000000,800.00000,800.00000,786.50000,787.40000
SPFB.GOLD,D,20071120,000000,787.30000,797.10000,787.30000,797.10000
SPFB.GOLD,D,20071121,000000,805.00000,809.50000,797.20000,802.00000
SPFB.GOLD,D,20071122,000000,804.70000,806.30000,803.00000,806.30000
SPFB.GOLD,D,20071123,000000,812.10000,818.50000,809.30000,816.20000
SPFB.GOLD,D,20071126,000000,827.80000,837.20000,826.30000,831.50000
SPFB.GOLD,D,20071127,000000,825.50000,828.40000,812.60000,814.30000
SPFB.GOLD,D,20071128,000000,810.00000,810.00000,793.60000,804.20000
SPFB.GOLD,D,20071129,000000,808.90000,809.10000,797.20000,798.40000
SPFB.GOLD,D,20071130,000000,796.00000,798.30000,786.60000,788.30000
SPFB.GOLD,D,20071203,000000,791.80000,791.80000,778.00000,784.90000
SPFB.GOLD,D,20071204,000000,791.00000,801.00000,787.40000,797.50000
SPFB.GOLD,D,20071205,000000,805.40000,806.00000,794.50000,794.50000
SPFB.GOLD,D,20071206,000000,793.30000,800.00000,785.60000,798.40000
SPFB.GOLD,D,20071207,000000,799.70000,805.90000,794.40000,794.80000
SPFB.GOLD,D,20071210,000000,812.90000,826.50000,811.90000,825.00000
SPFB.GOLD,D,20071211,000000,824.20000,824.20000,819.00000,821.60000
SPFB.GOLD,D,20071212,000000,820.00000,830.70000,817.80000,830.40000
SPFB.GOLD,D,20071213,000000,826.50000,828.50000,813.50000,815.00000
SPFB.GOLD,D,20071214,000000,813.30000,813.50000,803.00000,805.00000
SPFB.GOLD,D,20071217,000000,804.00000,804.70000,797.50000,801.90000
SPFB.GOLD,D,20071218,000000,805.40000,818.90000,803.70000,816.90000
SPFB.GOLD,D,20071219,000000,812.50000,816.30000,810.50000,814.50000
SPFB.GOLD,D,20071220,000000,814.10000,814.20000,807.10000,808.00000
SPFB.GOLD,D,20071221,000000,813.50000,823.60000,811.30000,821.50000
SPFB.GOLD,D,20071224,000000,821.50000,827.20000,820.90000,827.10000
SPFB.GOLD,D,20071225,000000,827.10000,827.10000,818.00000,822.60000
SPFB.GOLD,D,20071226,000000,825.50000,831.60000,823.00000,830.00000
SPFB.GOLD,D,20071227,000000,834.50000,841.50000,833.00000,838.20000
SPFB.GOLD,D,20071228,000000,833.30000,846.20000,833.30000,845.30000
SPFB.GOLD,D,20080109,000000,890.20000,897.30000,880.00000,884.60000
SPFB.GOLD,D,20080110,000000,884.40000,893.10000,874.20000,890.00000
SPFB.GOLD,D,20080111,000000,893.00000,903.50000,893.00000,898.00000
SPFB.GOLD,D,20080114,000000,913.70000,920.50000,910.10000,910.60000
SPFB.GOLD,D,20080115,000000,916.50000,920.10000,910.00000,919.10000
SPFB.GOLD,D,20080116,000000,896.10000,904.80000,886.50000,898.30000
SPFB.GOLD,D,20080117,000000,894.00000,897.40000,887.60000,896.70000
SPFB.GOLD,D,20080118,000000,888.00000,895.90000,878.90000,890.00000
SPFB.GOLD,D,20080121,000000,888.00000,888.00000,867.00000,877.20000
SPFB.GOLD,D,20080122,000000,862.00000,883.80000,855.40000,882.70000
SPFB.GOLD,D,20080123,000000,893.90000,896.90000,881.60000,894.00000
SPFB.GOLD,D,20080124,000000,896.80000,917.00000,894.00000,914.30000
SPFB.GOLD,D,20080125,000000,919.50000,930.10000,918.90000,925.60000
SPFB.GOLD,D,20080128,000000,926.00000,928.90000,921.20000,928.90000
SPFB.GOLD,D,20080129,000000,931.70000,938.30000,926.00000,930.00000
SPFB.GOLD,D,20080130,000000,929.60000,931.60000,921.00000,923.40000
SPFB.GOLD,D,20080131,000000,929.00000,932.70000,922.80000,926.90000
SPFB.GOLD,D,20080201,000000,929.00000,940.00000,927.20000,931.90000
SPFB.GOLD,D,20080204,000000,913.60000,914.20000,895.20000,901.40000
SPFB.GOLD,D,20080205,000000,905.50000,905.70000,888.10000,892.50000
SPFB.GOLD,D,20080206,000000,892.20000,905.50000,888.90000,905.00000
SPFB.GOLD,D,20080207,000000,909.20000,913.40000,900.00000,903.70000
SPFB.GOLD,D,20080208,000000,911.50000,919.30000,910.80000,919.10000
SPFB.GOLD,D,20080211,000000,924.10000,929.60000,920.70000,922.70000
SPFB.GOLD,D,20080212,000000,924.00000,926.60000,914.80000,919.10000
SPFB.GOLD,D,20080213,000000,904.10000,908.10000,898.80000,901.20000
SPFB.GOLD,D,20080214,000000,912.30000,916.10000,904.10000,906.60000
SPFB.GOLD,D,20080215,000000,910.30000,917.90000,909.20000,915.10000
SPFB.GOLD,D,20080218,000000,912.10000,912.10000,903.00000,905.60000
SPFB.GOLD,D,20080219,000000,913.20000,927.10000,911.90000,925.00000
SPFB.GOLD,D,20080220,000000,929.20000,930.60000,915.30000,922.80000
SPFB.GOLD,D,20080221,000000,943.20000,949.10000,932.10000,947.50000
SPFB.GOLD,D,20080222,000000,944.10000,951.80000,943.90000,944.50000
SPFB.GOLD,D,20080226,000000,933.00000,939.50000,928.30000,937.90000
SPFB.GOLD,D,20080227,000000,955.00000,965.00000,953.60000,957.30000
SPFB.GOLD,D,20080228,000000,955.20000,963.60000,954.50000,960.80000
SPFB.GOLD,D,20080229,000000,970.00000,977.00000,965.40000,973.00000
SPFB.GOLD,D,20080303,000000,983.50000,992.80000,978.90000,990.50000
SPFB.GOLD,D,20080304,000000,982.00000,989.50000,981.80000,984.90000
SPFB.GOLD,D,20080305,000000,964.80000,976.00000,960.40000,976.00000
SPFB.GOLD,D,20080306,000000,986.00000,992.50000,972.30000,975.50000
SPFB.GOLD,D,20080307,000000,983.50000,990.10000,972.00000,976.80000
SPFB.GOLD,D,20080311,000000,981.40000,998.60000,980.10000,985.00000
SPFB.GOLD,D,20080312,000000,988.00000,994.70000,981.50000,988.50000
SPFB.GOLD,D,20080313,000000,999.40000,1011.40000,997.10000,1008.30000
SPFB.GOLD,D,20080314,000000,1006.20000,1018.10000,1003.50000,1016.60000
SPFB.GOLD,D,20080317,000000,1020.50000,1039.80000,1015.50000,1025.50000
SPFB.GOLD,D,20080318,000000,1015.70000,1035.10000,1005.20000,1023.00000
SPFB.GOLD,D,20080319,000000,1001.00000,1015.50000,980.70000,981.00000
SPFB.GOLD,D,20080320,000000,951.00000,960.70000,927.00000,938.60000
SPFB.GOLD,D,20080321,000000,937.00000,939.00000,928.00000,938.50000
SPFB.GOLD,D,20080324,000000,930.00000,939.80000,929.00000,937.30000
SPFB.GOLD,D,20080325,000000,936.00000,948.00000,936.00000,945.90000
SPFB.GOLD,D,20080326,000000,952.70000,960.90000,945.40000,957.80000
SPFB.GOLD,D,20080327,000000,959.50000,962.30000,949.80000,958.20000
SPFB.GOLD,D,20080328,000000,955.00000,957.90000,937.70000,944.30000
SPFB.GOLD,D,20080331,000000,945.00000,950.90000,941.80000,944.60000
SPFB.GOLD,D,20080401,000000,930.00000,930.00000,830.20000,900.80000
SPFB.GOLD,D,20080402,000000,895.00000,906.90000,892.00000,905.00000
SPFB.GOLD,D,20080403,000000,910.00000,915.20000,903.00000,912.00000
SPFB.GOLD,D,20080404,000000,913.90000,922.00000,911.10000,915.50000
SPFB.GOLD,D,20080407,000000,923.70000,934.00000,919.40000,934.00000
SPFB.GOLD,D,20080408,000000,930.00000,937.00000,921.50000,925.80000
SPFB.GOLD,D,20080409,000000,925.00000,927.20000,914.50000,926.30000
SPFB.GOLD,D,20080410,000000,937.00000,951.50000,936.50000,944.00000
SPFB.GOLD,D,20080411,000000,931.00000,940.80000,931.00000,936.70000
SPFB.GOLD,D,20080414,000000,930.90000,937.50000,925.10000,936.20000
SPFB.GOLD,D,20080415,000000,940.00000,955.00000,936.50000,941.50000
SPFB.GOLD,D,20080416,000000,944.80000,956.00000,938.60000,955.50000
SPFB.GOLD,D,20080417,000000,954.50000,960.90000,950.70000,956.00000
SPFB.GOLD,D,20080418,000000,955.00000,958.80000,913.20000,916.80000
SPFB.GOLD,D,20080421,000000,920.20000,934.50000,919.00000,922.00000
SPFB.GOLD,D,20080422,000000,920.50000,928.20000,917.50000,926.80000
SPFB.GOLD,D,20080423,000000,924.70000,927.50000,902.10000,904.60000
SPFB.GOLD,D,20080424,000000,906.00000,911.40000,896.60000,899.40000
SPFB.GOLD,D,20080425,000000,896.00000,902.00000,885.50000,897.00000
SPFB.GOLD,D,20080428,000000,898.50000,900.00000,892.00000,894.50000
SPFB.GOLD,D,20080429,000000,894.00000,894.50000,881.70000,885.70000
SPFB.GOLD,D,20080430,000000,883.00000,883.00000,868.30000,877.50000
SPFB.GOLD,D,20080504,000000,860.90000,867.80000,859.00000,862.50000
SPFB.GOLD,D,20080505,000000,868.30000,875.00000,866.50000,874.00000
SPFB.GOLD,D,20080506,000000,880.00000,886.20000,875.90000,885.20000
SPFB.GOLD,D,20080507,000000,882.00000,894.90000,868.70000,871.20000
SPFB.GOLD,D,20080508,000000,872.20000,883.00000,870.50000,881.40000
SPFB.GOLD,D,20080512,000000,883.50000,887.40000,880.50000,886.30000
SPFB.GOLD,D,20080513,000000,881.60000,884.30000,865.30000,865.50000
SPFB.GOLD,D,20080514,000000,870.20000,874.10000,863.00000,869.00000
SPFB.GOLD,D,20080515,000000,870.90000,888.20000,867.80000,884.50000
SPFB.GOLD,D,20080516,000000,884.40000,902.20000,884.00000,900.50000
SPFB.GOLD,D,20080519,000000,907.10000,916.70000,907.10000,910.10000
SPFB.GOLD,D,20080520,000000,911.60000,917.00000,898.00000,915.00000
SPFB.GOLD,D,20080521,000000,919.90000,931.90000,919.90000,925.00000
SPFB.GOLD,D,20080522,000000,932.80000,938.10000,924.10000,931.30000
SPFB.GOLD,D,20080523,000000,922.50000,932.00000,920.10000,931.80000
SPFB.GOLD,D,20080526,000000,930.00000,930.40000,925.40000,929.50000
SPFB.GOLD,D,20080527,000000,931.00000,932.70000,907.00000,931.90000
SPFB.GOLD,D,20080528,000000,912.00000,912.80000,890.00000,909.40000
SPFB.GOLD,D,20080529,000000,901.10000,906.50000,881.00000,902.40000
SPFB.GOLD,D,20080530,000000,880.30000,892.90000,873.50000,882.20000
SPFB.GOLD,D,20080601,000000,888.29999,891.40002,884.09998,890.50000
SPFB.GOLD,D,20080602,000000,888.40002,898.50000,884.09998,890.50000
SPFB.GOLD,D,20080603,000000,896.00000,899.50000,878.70001,894.30000
SPFB.GOLD,D,20080604,000000,882.29999,888.79999,877.00000,883.09998
SPFB.GOLD,D,20080605,000000,881.09998,882.50000,866.90002,879.50000
SPFB.GOLD,D,20080606,000000,879.90002,903.40002,879.40002,903.40002
SPFB.GOLD,D,20080607,000000,902.50000,907.00000,901.00000,903.00000
SPFB.GOLD,D,20080609,000000,903.00000,911.00000,892.50000,894.00000
SPFB.GOLD,D,20080610,000000,901.50000,904.20001,878.50000,879.00000
SPFB.GOLD,D,20080611,000000,882.00000,895.50000,882.00000,892.20001
SPFB.GOLD,D,20080616,000000,892.20001,902.90002,879.09998,891.70001
SPFB.GOLD,D,20080617,000000,893.70001,898.00000,883.29999,894.50000
SPFB.GOLD,D,20080618,000000,892.09998,903.90002,891.00000,903.00000
SPFB.GOLD,D,20080619,000000,901.79999,917.09998,896.00000,907.00000
SPFB.GOLD,D,20080620,000000,909.90002,915.90002,906.50000,912.00000
SPFB.GOLD,D,20080623,000000,912.70001,915.40002,888.70001,891.90002
SPFB.GOLD,D,20080624,000000,892.00000,907.00000,890.50000,896.29999
SPFB.GOLD,D,20080625,000000,896.40002,896.79999,881.09998,891.00000
SPFB.GOLD,D,20080626,000000,891.00000,923.50000,891.00000,922.90002
SPFB.GOLD,D,20080627,000000,922.90002,936.00000,917.90002,933.40002
SPFB.GOLD,D,20080630,000000,934.70001,942.20001,926.00000,932.29999
SPFB.GOLD,D,20080701,000000,932.70001,953.00000,931.20001,947.00000
SPFB.GOLD,D,20080702,000000,946.59998,952.90002,938.29999,952.00000
SPFB.GOLD,D,20080703,000000,951.29999,954.79999,933.90002,939.79999
SPFB.GOLD,D,20080704,000000,940.09998,942.00000,935.59998,939.90002
SPFB.GOLD,D,20080707,000000,938.90002,938.90002,921.70001,931.59998
SPFB.GOLD,D,20080708,000000,934.20001,939.50000,919.59998,927.59998
SPFB.GOLD,D,20080709,000000,927.29999,935.40002,923.70001,932.50000
SPFB.GOLD,D,20080710,000000,934.50000,951.90002,931.70001,951.90002
SPFB.GOLD,D,20080711,000000,949.79999,973.00000,948.40002,970.50000
SPFB.GOLD,D,20080714,000000,968.79999,977.90002,959.09998,975.50000
SPFB.GOLD,D,20080715,000000,974.70001,993.40002,974.00000,980.00000
SPFB.GOLD,D,20080716,000000,978.79999,986.00000,965.00000,965.20001
SPFB.GOLD,D,20080717,000000,965.29999,983.29999,958.29999,962.50000
SPFB.GOLD,D,20080718,000000,963.90002,970.00000,955.50000,961.20001
SPFB.GOLD,D,20080721,000000,964.09998,974.09998,963.90002,970.90002
SPFB.GOLD,D,20080722,000000,970.90002,981.40002,951.70001,951.70001
SPFB.GOLD,D,20080723,000000,951.70001,951.70001,924.00000,926.00000
SPFB.GOLD,D,20080724,000000,928.00000,936.40002,921.00000,936.20001
SPFB.GOLD,D,20080725,000000,936.50000,941.00000,924.59998,935.00000
SPFB.GOLD,D,20080728,000000,935.50000,938.09998,928.09998,934.79999
SPFB.GOLD,D,20080729,000000,935.29999,936.70001,918.00000,921.90002
SPFB.GOLD,D,20080730,000000,920.00000,922.00000,896.00000,910.00000
SPFB.GOLD,D,20080731,000000,912.70000,928.00000,909.50000,918.00000
SPFB.GOLD,D,20080801,000000,915.00000,919.00000,904.00000,912.50000
SPFB.GOLD,D,20080804,000000,914.79999,917.40002,897.29999,901.70001
SPFB.GOLD,D,20080805,000000,897.20001,897.20001,877.00000,881.90002
SPFB.GOLD,D,20080806,000000,881.50000,889.50000,876.00000,883.70001
SPFB.GOLD,D,20080807,000000,883.79999,887.90002,870.29999,876.59998
SPFB.GOLD,D,20080808,000000,872.09998,872.09998,852.09998,855.70001
SPFB.GOLD,D,20080809,000000,853.50000,860.00000,852.09998,855.70001
SPFB.GOLD,D,20080811,000000,860.00000,866.50000,834.59998,834.59998
SPFB.GOLD,D,20080812,000000,834.59998,834.59998,802.70001,818.70001
SPFB.GOLD,D,20080813,000000,819.29999,831.50000,815.20001,829.40002
SPFB.GOLD,D,20080814,000000,831.40002,837.90002,805.50000,807.50000
SPFB.GOLD,D,20080815,000000,806.79999,806.79999,777.70001,784.79999
SPFB.GOLD,D,20080818,000000,787.50000,804.00000,787.50000,800.79999
SPFB.GOLD,D,20080819,000000,800.00000,811.79999,782.70001,811.70001
SPFB.GOLD,D,20080820,000000,811.79999,818.09998,800.50000,812.50000
SPFB.GOLD,D,20080821,000000,813.79999,839.00000,813.79999,836.00000
SPFB.GOLD,D,20080822,000000,837.00000,838.09998,820.90002,823.70001
SPFB.GOLD,D,20080825,000000,820.09998,827.40002,817.00000,822.50000
SPFB.GOLD,D,20080826,000000,820.50000,831.29999,807.00000,826.20001
SPFB.GOLD,D,20080827,000000,827.50000,835.79999,824.20001,828.00000
SPFB.GOLD,D,20080828,000000,830.00000,845.00000,826.29999,835.00000
SPFB.GOLD,D,20080829,000000,834.40002,840.79999,830.00000,831.50000
SPFB.GOLD,D,20080901,000000,831.50000,835.50000,817.29999,818.40002
SPFB.GOLD,D,20080902,000000,817.50000,817.50000,790.40002,806.00000
SPFB.GOLD,D,20080903,000000,805.09998,809.20001,790.00000,802.00000
SPFB.GOLD,D,20080904,000000,803.00000,815.00000,794.09998,797.59998
SPFB.GOLD,D,20080905,000000,797.29999,815.09998,792.40002,802.90002
SPFB.GOLD,D,20080908,000000,804.70001,818.50000,797.29999,802.09998
SPFB.GOLD,D,20080909,000000,799.00000,804.70001,775.79999,779.09998
SPFB.GOLD,D,20080910,000000,781.50000,790.70001,764.20001,764.20001
SPFB.GOLD,D,20080911,000000,765.00000,765.09998,742.00000,748.70001
SPFB.GOLD,D,20080912,000000,751.79999,773.29999,751.79999,772.09998
SPFB.GOLD,D,20080915,000000,779.00000,793.29999,771.40002,792.09998
SPFB.GOLD,D,20080916,000000,785.09998,797.09998,779.50000,784.79999
SPFB.GOLD,D,20080917,000000,787.70001,835.90002,787.70001,835.90002
SPFB.GOLD,D,20080918,000000,835.90002,923.90002,835.90002,845.00000
SPFB.GOLD,D,20080919,000000,858.00000,889.00000,831.09998,889.00000
SPFB.GOLD,D,20080922,000000,879.59998,916.29999,875.50000,915.00000
SPFB.GOLD,D,20080923,000000,908.40002,911.79999,888.09998,902.50000
SPFB.GOLD,D,20080924,000000,899.00000,911.20001,885.09998,886.00000
SPFB.GOLD,D,20080925,000000,887.70001,906.00000,875.00000,886.50000
SPFB.GOLD,D,20080926,000000,885.90002,913.50000,876.09998,893.59998
SPFB.GOLD,D,20080929,000000,891.20001,929.20001,875.40002,921.29999
SPFB.GOLD,D,20080930,000000,921.00000,921.00000,870.20001,875.50000
SPFB.GOLD,D,20081001,000000,880.50000,899.79999,876.79999,881.00000
SPFB.GOLD,D,20081002,000000,880.00000,882.50000,836.50000,844.79999
SPFB.GOLD,D,20081003,000000,847.79999,854.59998,825.00000,839.29999
SPFB.GOLD,D,20081006,000000,835.50000,885.00000,831.09998,868.79999
SPFB.GOLD,D,20081007,000000,871.70001,896.09998,871.70001,890.90002
SPFB.GOLD,D,20081008,000000,891.20001,926.00000,891.20001,909.70001
SPFB.GOLD,D,20081009,000000,901.59998,921.90002,885.00000,916.29999
SPFB.GOLD,D,20081010,000000,921.00000,938.09998,857.79999,857.79999
SPFB.GOLD,D,20081013,000000,857.79999,870.90002,826.00000,839.70001
SPFB.GOLD,D,20081014,000000,841.50000,859.00000,835.00000,842.50000
SPFB.GOLD,D,20081015,000000,847.00000,861.40002,835.90002,849.00000
SPFB.GOLD,D,20081016,000000,847.59998,847.59998,788.59998,811.59998
SPFB.GOLD,D,20081017,000000,813.00000,818.90002,775.50000,794.79999
SPFB.GOLD,D,20081020,000000,795.50000,812.00000,788.00000,798.90002
SPFB.GOLD,D,20081021,000000,798.40002,799.00000,769.00000,774.50000
SPFB.GOLD,D,20081022,000000,772.50000,772.50000,723.40002,725.09998
SPFB.GOLD,D,20081023,000000,732.00000,745.00000,700.40002,719.90002
SPFB.GOLD,D,20081024,000000,715.00000,753.00000,683.59998,736.00000
SPFB.GOLD,D,20081027,000000,729.59998,749.00000,708.90002,736.00000
SPFB.GOLD,D,20081028,000000,745.90002,757.00000,730.50000,751.00000
SPFB.GOLD,D,20081029,000000,749.00000,776.00000,739.20001,760.59998
SPFB.GOLD,D,20081030,000000,764.40002,780.59998,735.59998,740.09998
SPFB.GOLD,D,20081031,000000,737.79999,743.50000,719.00000,723.29999
SPFB.GOLD,D,20081101,000000,725.90002,731.59998,724.00000,724.00000
SPFB.GOLD,D,20081105,000000,750.29999,766.00000,724.00000,742.50000
SPFB.GOLD,D,20081106,000000,740.09998,763.00000,717.00000,734.09998
SPFB.GOLD,D,20081107,000000,738.70001,746.70001,733.29999,737.70001
SPFB.GOLD,D,20081110,000000,740.90002,770.20001,740.90002,747.90002
SPFB.GOLD,D,20081111,000000,748.00000,748.00000,727.59998,734.90002
SPFB.GOLD,D,20081112,000000,739.90002,740.20001,710.59998,711.29999
SPFB.GOLD,D,20081113,000000,712.40002,735.00000,701.00000,730.00000
SPFB.GOLD,D,20081114,000000,731.09998,755.90002,726.90002,749.09998
SPFB.GOLD,D,20081117,000000,746.09998,750.09998,732.20001,740.59998
SPFB.GOLD,D,20081118,000000,737.29999,747.00000,732.09998,738.00000
SPFB.GOLD,D,20081119,000000,739.70001,764.59998,734.09998,738.00000
SPFB.GOLD,D,20081120,000000,743.00000,754.00000,737.70001,751.00000
SPFB.GOLD,D,20081121,000000,753.40002,798.00000,753.40002,797.90002
SPFB.GOLD,D,20081124,000000,794.09998,832.00000,789.90002,829.90002
SPFB.GOLD,D,20081125,000000,828.00000,832.09998,804.59998,823.00000
SPFB.GOLD,D,20081126,000000,815.50000,823.00000,809.00000,819.00000
SPFB.GOLD,D,20081127,000000,815.50000,817.29999,811.00000,817.29999
SPFB.GOLD,D,20081128,000000,814.20001,821.00000,809.09998,819.20001
SPFB.GOLD,D,20081201,000000,819.09998,819.09998,769.40002,772.70001
SPFB.GOLD,D,20081202,000000,768.00000,785.50000,761.20001,780.20001
SPFB.GOLD,D,20081203,000000,780.20001,782.79999,764.20001,771.29999
SPFB.GOLD,D,20081204,000000,767.00000,788.09998,762.70001,766.40002
SPFB.GOLD,D,20081205,000000,766.40002,772.79999,742.20001,759.50000
SPFB.GOLD,D,20081208,000000,764.09998,781.00000,764.09998,774.00000
SPFB.GOLD,D,20081209,000000,771.29999,780.00000,762.50000,773.20001
SPFB.GOLD,D,20081210,000000,787.29999,818.40002,784.29999,814.00000
SPFB.GOLD,D,20081211,000000,817.79999,839.40002,817.09998,827.00000
SPFB.GOLD,D,20081212,000000,825.00000,832.70001,814.00000,821.70001
SPFB.GOLD,D,20081215,000000,825.50000,847.00000,825.00000,840.50000
SPFB.GOLD,D,20081216,000000,840.40002,863.59998,834.20001,859.50000
SPFB.GOLD,D,20081217,000000,860.00000,887.20001,851.00000,874.00000
SPFB.GOLD,D,20081218,000000,872.00000,882.00000,852.79999,860.00000
SPFB.GOLD,D,20081219,000000,858.29999,858.29999,834.40002,844.79999
SPFB.GOLD,D,20081222,000000,846.00000,856.70001,844.00000,853.50000
SPFB.GOLD,D,20081223,000000,850.50000,852.00000,834.40002,843.59998
SPFB.GOLD,D,20081224,000000,844.90002,855.00000,839.00000,853.90002
SPFB.GOLD,D,20081225,000000,851.00000,877.00000,825.00000,849.00000
SPFB.GOLD,D,20081226,000000,850.79999,871.79999,848.00000,871.00000
SPFB.GOLD,D,20081229,000000,871.79999,893.00000,871.79999,884.00000
SPFB.GOLD,D,20081230,000000,881.29999,882.29999,869.00000,879.00000
SPFB.GOLD,D,20081231,000000,877.00000,881.40002,869.20001,870.59998
SPFB.GOLD,D,20090111,000000,859.90002,867.59998,854.00000,864.79999
SPFB.GOLD,D,20090112,000000,861.00000,861.00000,818.09998,822.20001
SPFB.GOLD,D,20090113,000000,819.50000,832.59998,816.20001,823.90002
SPFB.GOLD,D,20090114,000000,824.90002,831.00000,809.20001,814.90002
SPFB.GOLD,D,20090115,000000,811.00000,823.29999,802.29999,821.70001
SPFB.GOLD,D,20090116,000000,821.70001,844.40002,820.09998,843.00000
SPFB.GOLD,D,20090119,000000,842.59998,845.70001,833.59998,839.00000
SPFB.GOLD,D,20090120,000000,835.09998,868.00000,822.29999,858.00000
SPFB.GOLD,D,20090121,000000,854.00000,866.00000,845.00000,858.59998
SPFB.GOLD,D,20090122,000000,856.20001,864.00000,845.29999,860.79999
SPFB.GOLD,D,20090123,000000,859.00000,903.79999,853.40002,902.40002
SPFB.GOLD,D,20090126,000000,897.20001,917.79999,897.00000,907.59998
SPFB.GOLD,D,20090127,000000,908.20001,909.40002,894.00000,898.40002
SPFB.GOLD,D,20090128,000000,896.79999,903.20001,884.79999,891.29999
SPFB.GOLD,D,20090129,000000,887.00000,911.59998,876.20001,911.59998
SPFB.GOLD,D,20090130,000000,908.00000,934.09998,904.59998,930.00000
SPFB.GOLD,D,20090202,000000,929.00000,929.00000,906.50000,907.40002
SPFB.GOLD,D,20090203,000000,906.29999,914.90002,892.50000,901.70001
SPFB.GOLD,D,20090204,000000,900.00000,910.50000,897.40002,908.00000
SPFB.GOLD,D,20090205,000000,906.40002,926.29999,904.50000,916.79999
SPFB.GOLD,D,20090206,000000,917.40002,922.50000,907.00000,913.29999
SPFB.GOLD,D,20090209,000000,913.29999,913.29999,894.40002,901.90002
SPFB.GOLD,D,20090210,000000,899.70001,924.00000,895.40002,919.90002
SPFB.GOLD,D,20090211,000000,917.50000,951.79999,917.29999,944.00000
SPFB.GOLD,D,20090212,000000,944.59998,953.50000,910.50000,950.00000
SPFB.GOLD,D,20090213,000000,948.09998,948.09998,933.59998,942.50000
SPFB.GOLD,D,20090216,000000,941.09998,946.29999,940.20001,944.50000
SPFB.GOLD,D,20090217,000000,945.00000,977.90002,945.00000,972.20001
SPFB.GOLD,D,20090218,000000,973.59998,990.00000,966.00000,988.40002
SPFB.GOLD,D,20090219,000000,988.09998,988.09998,973.50000,979.40002
SPFB.GOLD,D,20090220,000000,981.00000,1011.90002,980.00000,998.00000
SPFB.GOLD,D,20090224,000000,997.09998,1002.09998,966.20001,971.00000
SPFB.GOLD,D,20090225,000000,970.00000,982.50000,951.79999,954.70001
SPFB.GOLD,D,20090226,000000,953.79999,962.00000,937.50000,950.79999
SPFB.GOLD,D,20090227,000000,948.00000,968.00000,932.70001,949.29999
SPFB.GOLD,D,20090302,000000,952.79999,963.29999,929.09998,930.59998
SPFB.GOLD,D,20090303,000000,929.90002,931.00000,906.29999,915.09998
SPFB.GOLD,D,20090304,000000,915.50000,924.20001,900.59998,906.29999
SPFB.GOLD,D,20090305,000000,909.70001,936.79999,908.00000,934.20001
SPFB.GOLD,D,20090306,000000,935.59998,946.00000,931.09998,940.79999
SPFB.GOLD,D,20090310,000000,945.09998,945.09998,892.50000,895.00000
SPFB.GOLD,D,20090311,000000,900.20001,915.40002,896.40002,912.79999
SPFB.GOLD,D,20090312,000000,914.79999,933.00000,910.09998,928.59998
SPFB.GOLD,D,20090313,000000,927.00000,942.00000,922.00000,932.00000
SPFB.GOLD,D,20090316,000000,930.20001,935.00000,918.79999,927.90002
SPFB.GOLD,D,20090317,000000,926.00000,927.00000,915.00000,918.50000
SPFB.GOLD,D,20090318,000000,918.59998,944.00000,888.29999,941.00000
SPFB.GOLD,D,20090319,000000,940.00000,965.00000,930.79999,963.00000
SPFB.GOLD,D,20090320,000000,962.29999,972.59998,949.50000,955.00000
SPFB.GOLD,D,20090323,000000,958.90002,959.79999,938.20001,941.20001
SPFB.GOLD,D,20090324,000000,940.59998,940.79999,920.20001,932.50000
SPFB.GOLD,D,20090325,000000,929.50000,943.90002,917.70001,935.20001
SPFB.GOLD,D,20090326,000000,935.40002,947.90002,934.90002,935.00000
SPFB.GOLD,D,20090327,000000,935.20001,939.20001,922.00000,926.90002
SPFB.GOLD,D,20090330,000000,927.00000,933.09998,911.29999,922.29999
SPFB.GOLD,D,20090331,000000,922.20001,927.40002,915.00000,921.00000
SPFB.GOLD,D,20090401,000000,920.79999,935.59998,919.00000,926.79999
SPFB.GOLD,D,20090402,000000,925.59998,926.40002,898.50000,907.50000
SPFB.GOLD,D,20090403,000000,909.00000,914.00000,895.09998,897.59998
SPFB.GOLD,D,20090406,000000,895.09998,895.09998,869.00000,874.40002
SPFB.GOLD,D,20090407,000000,876.09998,891.00000,876.09998,888.59998
SPFB.GOLD,D,20090408,000000,889.50000,893.20001,876.00000,883.59998
SPFB.GOLD,D,20090409,000000,883.00000,890.09998,878.59998,882.29999
SPFB.GOLD,D,20090410,000000,887.70001,888.90002,880.29999,883.20001
SPFB.GOLD,D,20090413,000000,885.79999,902.90002,885.79999,894.50000
SPFB.GOLD,D,20090414,000000,896.59998,901.29999,889.09998,892.20001
SPFB.GOLD,D,20090415,000000,893.79999,901.00000,887.00000,893.59998
SPFB.GOLD,D,20090416,000000,893.59998,896.00000,873.90002,875.09998
SPFB.GOLD,D,20090417,000000,876.00000,878.09998,862.00000,868.00000
SPFB.GOLD,D,20090420,000000,869.29999,891.00000,869.00000,885.90002
SPFB.GOLD,D,20090421,000000,887.79999,897.50000,880.40002,884.90002
SPFB.GOLD,D,20090422,000000,885.09998,894.50000,883.00000,890.59998
SPFB.GOLD,D,20090423,000000,891.29999,909.40002,890.59998,905.59998
SPFB.GOLD,D,20090424,000000,908.90002,914.40002,905.00000,912.40002
SPFB.GOLD,D,20090427,000000,913.50000,917.29999,905.00000,907.29999
SPFB.GOLD,D,20090428,000000,905.29999,905.29999,884.50000,893.20001
SPFB.GOLD,D,20090429,000000,893.50000,904.50000,891.00000,896.79999
SPFB.GOLD,D,20090430,000000,897.20001,899.90002,880.70001,889.20001
SPFB.GOLD,D,20090504,000000,892.90002,910.00000,888.70001,901.59998
SPFB.GOLD,D,20090505,000000,903.29999,916.40002,897.40002,898.29999
SPFB.GOLD,D,20090506,000000,900.90002,913.79999,900.90002,909.90002
SPFB.GOLD,D,20090507,000000,911.00000,926.79999,910.00000,911.50000
SPFB.GOLD,D,20090508,000000,915.09998,920.29999,903.20001,916.20001
SPFB.GOLD,D,20090512,000000,915.70001,923.00000,913.29999,921.59998
SPFB.GOLD,D,20090513,000000,924.90002,930.59998,918.09998,925.79999
SPFB.GOLD,D,20090514,000000,926.00000,929.20001,920.50000,927.50000
SPFB.GOLD,D,20090515,000000,926.00000,934.00000,923.79999,930.09998
SPFB.GOLD,D,20090518,000000,931.00000,932.09998,910.59998,919.00000
SPFB.GOLD,D,20090519,000000,921.50000,928.90002,918.40002,925.79999
SPFB.GOLD,D,20090520,000000,927.09998,942.00000,926.09998,940.00000
SPFB.GOLD,D,20090521,000000,940.00000,956.40002,937.50000,954.29999
SPFB.GOLD,D,20090522,000000,957.00000,964.00000,951.09998,957.29999
SPFB.GOLD,D,20090525,000000,955.70001,962.90002,952.79999,961.29999
SPFB.GOLD,D,20090526,000000,960.00000,960.00000,940.09998,953.70001
SPFB.GOLD,D,20090527,000000,948.20001,959.00000,946.90002,950.00000
SPFB.GOLD,D,20090528,000000,947.00000,964.20001,944.90002,960.29999
SPFB.GOLD,D,20090529,000000,963.00000,981.00000,963.00000,981.00000
SPFB.GOLD,D,20090601,000000,981.00000,988.70001,974.50000,981.00000
SPFB.GOLD,D,20090602,000000,978.70001,989.59998,973.29999,982.50000
SPFB.GOLD,D,20090603,000000,987.90002,993.00000,962.09998,964.40002
SPFB.GOLD,D,20090604,000000,970.00000,984.00000,963.00000,981.20001
SPFB.GOLD,D,20090605,000000,981.50000,983.79999,954.00000,955.00000
SPFB.GOLD,D,20090608,000000,956.20001,957.20001,945.20001,953.40002
SPFB.GOLD,D,20090609,000000,952.79999,963.50000,950.50000,956.20001
SPFB.GOLD,D,20090610,000000,963.79999,990.00000,946.09998,954.40002
SPFB.GOLD,D,20090611,000000,957.70001,961.90002,942.00000,956.79999
SPFB.GOLD,D,20090615,000000,952.90002,952.90002,926.40002,929.09998
SPFB.GOLD,D,20090616,000000,929.59998,939.00000,929.59998,935.29999
SPFB.GOLD,D,20090617,000000,937.00000,939.09998,928.90002,939.09998
SPFB.GOLD,D,20090618,000000,939.70001,941.50000,930.20001,934.29999
SPFB.GOLD,D,20090619,000000,934.40002,939.79999,932.00000,935.79999
SPFB.GOLD,D,20090622,000000,933.09998,934.59998,918.90002,921.79999
SPFB.GOLD,D,20090623,000000,919.29999,927.20001,905.09998,926.59998
SPFB.GOLD,D,20090624,000000,926.09998,943.00000,926.00000,930.29999
SPFB.GOLD,D,20090625,000000,936.00000,941.50000,933.29999,940.00000
SPFB.GOLD,D,20090626,000000,942.70001,949.29999,937.00000,941.29999
SPFB.GOLD,D,20090629,000000,939.70001,943.50000,935.50000,939.29999
SPFB.GOLD,D,20090630,000000,943.00000,945.90002,925.50000,930.90002
SPFB.GOLD,D,20090701,000000,932.00000,946.50000,930.40002,940.79999
SPFB.GOLD,D,20090702,000000,941.00000,942.09998,928.00000,931.00000
SPFB.GOLD,D,20090703,000000,934.00000,934.59998,931.09998,933.59998
SPFB.GOLD,D,20090706,000000,931.09998,931.09998,921.50000,924.79999
SPFB.GOLD,D,20090707,000000,924.59998,934.00000,922.09998,925.09998
SPFB.GOLD,D,20090708,000000,923.70001,926.00000,906.00000,911.50000
SPFB.GOLD,D,20090709,000000,914.70001,918.79999,911.70001,913.29999
SPFB.GOLD,D,20090710,000000,913.20001,914.00000,907.20001,913.90002
SPFB.GOLD,D,20090713,000000,909.90002,924.00000,908.00000,921.00000
SPFB.GOLD,D,20090714,000000,920.70001,926.50000,920.20001,924.50000
SPFB.GOLD,D,20090715,000000,925.20001,941.70001,925.20001,939.50000
SPFB.GOLD,D,20090716,000000,938.00000,939.59998,933.50000,937.50000
SPFB.GOLD,D,20090717,000000,936.40002,939.09998,931.29999,934.40002
SPFB.GOLD,D,20090720,000000,943.00000,959.79999,943.00000,949.00000
SPFB.GOLD,D,20090721,000000,949.00000,954.00000,943.90002,946.00000
SPFB.GOLD,D,20090722,000000,948.40002,954.70001,945.00000,950.50000
SPFB.GOLD,D,20090723,000000,953.90002,959.70001,949.09998,951.09998
SPFB.GOLD,D,20090724,000000,949.70001,954.90002,948.20001,952.00000
SPFB.GOLD,D,20090727,000000,954.00000,959.29999,951.90002,953.29999
SPFB.GOLD,D,20090728,000000,955.00000,957.00000,935.70001,937.50000
SPFB.GOLD,D,20090729,000000,938.29999,938.29999,926.50000,929.20001
SPFB.GOLD,D,20090730,000000,931.00000,938.00000,930.29999,934.29999
SPFB.GOLD,D,20090731,000000,938.00000,959.70001,931.09998,954.40002
SPFB.GOLD,D,20090803,000000,954.00000,964.00000,952.50000,957.59998
SPFB.GOLD,D,20090804,000000,956.50000,970.00000,952.20001,965.59998
SPFB.GOLD,D,20090805,000000,963.50000,967.29999,959.79999,967.09998
SPFB.GOLD,D,20090806,000000,964.50000,971.90002,957.29999,965.00000
SPFB.GOLD,D,20090807,000000,962.00000,964.20001,952.29999,955.00000
SPFB.GOLD,D,20090810,000000,954.40002,956.20001,944.00000,946.29999
SPFB.GOLD,D,20090811,000000,950.00000,950.00000,940.00000,947.29999
SPFB.GOLD,D,20090812,000000,945.40002,953.00000,940.00000,943.50000
SPFB.GOLD,D,20090813,000000,952.20001,959.59998,951.50000,953.00000
SPFB.GOLD,D,20090814,000000,953.50000,959.59998,942.50000,947.70001
SPFB.GOLD,D,20090817,000000,942.00000,943.40002,929.50000,935.00000
SPFB.GOLD,D,20090818,000000,935.59998,939.40002,934.20001,938.00000
SPFB.GOLD,D,20090819,000000,937.50000,944.40002,932.00000,941.20001
SPFB.GOLD,D,20090820,000000,943.50000,944.09998,937.79999,940.40002
SPFB.GOLD,D,20090821,000000,940.00000,957.59998,938.50000,953.79999
SPFB.GOLD,D,20090824,000000,953.29999,957.50000,935.00000,941.29999
SPFB.GOLD,D,20090825,000000,941.00000,954.70001,941.00000,944.50000
SPFB.GOLD,D,20090826,000000,947.40002,950.00000,941.00000,944.50000
SPFB.GOLD,D,20090827,000000,945.70001,950.00000,941.00000,949.29999
SPFB.GOLD,D,20090828,000000,950.00000,963.90002,949.59998,955.50000
SPFB.GOLD,D,20090831,000000,954.59998,955.09998,943.50000,951.00000
SPFB.GOLD,D,20090901,000000,954.70001,957.70001,945.90002,954.50000
SPFB.GOLD,D,20090902,000000,955.00000,980.00000,953.09998,979.29999
SPFB.GOLD,D,20090903,000000,978.00000,998.00000,976.59998,993.59998
SPFB.GOLD,D,20090904,000000,992.90002,999.70001,985.09998,996.00000
SPFB.GOLD,D,20090907,000000,995.09998,999.59998,993.79999,994.90002
SPFB.GOLD,D,20090908,000000,997.70001,1019.00000,997.00000,997.70001
SPFB.GOLD,D,20090909,000000,1002.20001,1005.00000,989.59998,995.90002
SPFB.GOLD,D,20090910,000000,999.50000,1005.00000,990.20001,1001.00000
SPFB.GOLD,D,20090911,000000,1005.00000,1018.50000,1005.00000,1014.00000
SPFB.GOLD,D,20090914,000000,1008.29999,1011.09998,1001.09998,1004.20001
SPFB.GOLD,D,20090915,000000,1004.00000,1016.20001,998.09998,1013.50000
SPFB.GOLD,D,20090916,000000,1018.29999,1039.80005,1018.29999,1024.90002
SPFB.GOLD,D,20090917,000000,1028.69995,1034.80005,1012.09998,1020.09998
SPFB.GOLD,D,20090918,000000,1019.29999,1023.20001,1013.50000,1014.20001
SPFB.GOLD,D,20090921,000000,1010.00000,1011.29999,1001.90002,1009.40002
SPFB.GOLD,D,20090922,000000,1011.09998,1026.00000,1011.09998,1020.20001
SPFB.GOLD,D,20090923,000000,1020.20001,1022.59998,1012.00000,1015.59998
SPFB.GOLD,D,20090924,000000,1018.09998,1021.79999,994.40002,997.09998
SPFB.GOLD,D,20090925,000000,995.40002,1003.20001,990.09998,994.09998
SPFB.GOLD,D,20090928,000000,993.00000,1000.00000,989.09998,993.90002
SPFB.GOLD,D,20090929,000000,995.00000,998.90002,988.40002,996.00000
SPFB.GOLD,D,20090930,000000,997.40002,1012.59998,997.40002,1008.50000
SPFB.GOLD,D,20091001,000000,1011.00000,1013.09998,1000.50000,1002.79999
SPFB.GOLD,D,20091002,000000,1003.59998,1011.00000,990.00000,1006.09998
SPFB.GOLD,D,20091005,000000,1005.50000,1020.00000,1005.00000,1017.79999
SPFB.GOLD,D,20091006,000000,1019.59998,1046.59998,1019.59998,1043.59998
SPFB.GOLD,D,20091007,000000,1044.30005,1051.30005,1041.59998,1045.40002
SPFB.GOLD,D,20091008,000000,1047.00000,1064.50000,1046.19995,1059.90002
SPFB.GOLD,D,20091009,000000,1056.50000,1056.50000,1047.30005,1052.00000
SPFB.GOLD,D,20091012,000000,1052.90002,1063.80005,1052.19995,1059.90002
SPFB.GOLD,D,20091013,000000,1059.00000,1071.50000,1057.09998,1064.50000
SPFB.GOLD,D,20091014,000000,1068.50000,1074.90002,1059.30005,1064.09998
SPFB.GOLD,D,20091015,000000,1064.50000,1065.30005,1049.09998,1049.90002
SPFB.GOLD,D,20091016,000000,1050.90002,1060.00000,1046.80005,1056.59998
SPFB.GOLD,D,20091019,000000,1055.40002,1071.00000,1051.19995,1065.30005
SPFB.GOLD,D,20091020,000000,1067.69995,1072.19995,1055.00000,1058.30005
SPFB.GOLD,D,20091021,000000,1057.50000,1066.59998,1050.09998,1060.19995
SPFB.GOLD,D,20091022,000000,1060.19995,1064.00000,1053.50000,1062.09998
SPFB.GOLD,D,20091023,000000,1063.30005,1070.00000,1050.00000,1057.00000
SPFB.GOLD,D,20091026,000000,1056.59998,1062.09998,1040.30005,1040.50000
SPFB.GOLD,D,20091027,000000,1042.59998,1045.09998,1032.80005,1041.30005
SPFB.GOLD,D,20091028,000000,1041.50000,1041.50000,1028.59998,1030.50000
SPFB.GOLD,D,20091029,000000,1033.09998,1049.69995,1033.09998,1049.69995
SPFB.GOLD,D,20091030,000000,1048.59998,1049.00000,1037.19995,1046.59998
SPFB.GOLD,D,20091102,000000,1048.00000,1065.50000,1047.50000,1060.19995
SPFB.GOLD,D,20091103,000000,1062.00000,1090.40002,1058.40002,1087.50000
SPFB.GOLD,D,20091105,000000,1087.00000,1096.09998,1085.59998,1092.00000
SPFB.GOLD,D,20091106,000000,1093.00000,1104.80005,1089.40002,1104.80005
SPFB.GOLD,D,20091109,000000,1104.90002,1114.09998,1104.00000,1106.00000
SPFB.GOLD,D,20091110,000000,1105.00000,1113.00000,1100.19995,1107.00000
SPFB.GOLD,D,20091111,000000,1110.90002,1120.09998,1108.19995,1118.00000
SPFB.GOLD,D,20091112,000000,1120.00000,1122.80005,1105.00000,1106.90002
SPFB.GOLD,D,20091113,000000,1107.00000,1122.00000,1104.50000,1121.90002
SPFB.GOLD,D,20091116,000000,1122.09998,1144.00000,1122.09998,1139.80005
SPFB.GOLD,D,20091117,000000,1139.00000,1143.19995,1129.30005,1143.09998
SPFB.GOLD,D,20091118,000000,1141.00000,1153.80005,1140.80005,1146.19995
SPFB.GOLD,D,20091119,000000,1146.80005,1147.59998,1132.59998,1146.30005
SPFB.GOLD,D,20091120,000000,1147.59998,1152.40002,1134.50000,1150.50000
SPFB.GOLD,D,20091123,000000,1152.90002,1176.00000,1152.90002,1168.30005
SPFB.GOLD,D,20091124,000000,1167.00000,1173.00000,1165.19995,1170.80005
SPFB.GOLD,D,20091125,000000,1174.40002,1194.69995,1174.40002,1194.69995
SPFB.GOLD,D,20091126,000000,1192.90002,1195.50000,1181.90002,1193.30005
SPFB.GOLD,D,20091127,000000,1190.40002,1190.40002,1141.00000,1182.00000
SPFB.GOLD,D,20091130,000000,1182.69995,1183.30005,1166.80005,1182.19995
SPFB.GOLD,D,20091201,000000,1184.00000,1204.90002,1183.19995,1199.50000
SPFB.GOLD,D,20091202,000000,1204.00000,1219.09998,1204.00000,1218.09998
SPFB.GOLD,D,20091203,000000,1218.09998,1223.19995,1207.40002,1216.00000
SPFB.GOLD,D,20091204,000000,1215.00000,1225.00000,1152.69995,1159.80005
SPFB.GOLD,D,20091207,000000,1157.69995,1165.80005,1138.09998,1156.09998
SPFB.GOLD,D,20091208,000000,1160.00000,1164.59998,1125.50000,1132.30005
SPFB.GOLD,D,20091209,000000,1132.50000,1150.00000,1118.50000,1131.50000
SPFB.GOLD,D,20091210,000000,1133.50000,1137.40002,1122.09998,1134.59998
SPFB.GOLD,D,20091211,000000,1137.19995,1144.80005,1112.30005,1121.59998
SPFB.GOLD,D,20091214,000000,1125.00000,1133.50000,1122.30005,1131.09998
SPFB.GOLD,D,20091215,000000,1128.09998,1132.59998,1116.69995,1128.59998
SPFB.GOLD,D,20091216,000000,1130.50000,1147.00000,1128.19995,1141.40002
SPFB.GOLD,D,20091217,000000,1138.80005,1138.80005,1101.30005,1101.30005
SPFB.GOLD,D,20091218,000000,1108.00000,1119.50000,1100.30005,1115.80005
SPFB.GOLD,D,20091221,000000,1116.59998,1120.90002,1090.50000,1095.19995
SPFB.GOLD,D,20091222,000000,1098.00000,1099.59998,1079.00000,1088.50000
SPFB.GOLD,D,20091223,000000,1089.90002,1099.90002,1083.00000,1094.00000
SPFB.GOLD,D,20091224,000000,1097.00000,1110.00000,1097.00000,1107.09998
SPFB.GOLD,D,20091225,000000,1109.59998,1115.00000,1102.19995,1111.09998
SPFB.GOLD,D,20091228,000000,1113.00000,1116.50000,1100.50000,1108.90002
SPFB.GOLD,D,20091229,000000,1107.00000,1111.00000,1097.30005,1100.00000
SPFB.GOLD,D,20091230,000000,1100.00000,1102.90002,1092.00000,1100.00000
SPFB.GOLD,D,20091231,000000,1106.00000,1113.90002,1104.59998,1112.00000
SPFB.GOLD,D,20100111,000000,1125.00000,1163.59998,1125.00000,1155.90002
SPFB.GOLD,D,20100112,000000,1158.30005,1160.69995,1120.09998,1131.19995
SPFB.GOLD,D,20100113,000000,1131.09998,1141.90002,1121.00000,1141.90002
SPFB.GOLD,D,20100114,000000,1142.00000,1149.19995,1132.30005,1147.30005
SPFB.GOLD,D,20100115,000000,1145.00000,1145.00000,1129.00000,1134.00000
SPFB.GOLD,D,20100118,000000,1137.00000,1140.19995,1134.80005,1135.30005
SPFB.GOLD,D,20100119,000000,1139.80005,1142.19995,1131.69995,1140.50000
SPFB.GOLD,D,20100120,000000,1140.00000,1140.00000,1110.00000,1115.50000
SPFB.GOLD,D,20100121,000000,1117.00000,1118.00000,1091.30005,1099.00000
SPFB.GOLD,D,20100122,000000,1099.00000,1101.00000,1085.00000,1095.40002
SPFB.GOLD,D,20100125,000000,1098.00000,1106.59998,1095.09998,1101.50000
SPFB.GOLD,D,20100126,000000,1099.50000,1103.90002,1087.09998,1099.40002
SPFB.GOLD,D,20100127,000000,1098.19995,1101.59998,1086.00000,1089.09998
SPFB.GOLD,D,20100128,000000,1090.80005,1098.90002,1075.19995,1089.00000
SPFB.GOLD,D,20100129,000000,1087.09998,1092.50000,1077.59998,1085.69995
SPFB.GOLD,D,20100201,000000,1085.90002,1109.90002,1082.50000,1109.40002
SPFB.GOLD,D,20100202,000000,1105.90002,1120.00000,1103.50000,1116.59998
SPFB.GOLD,D,20100203,000000,1118.00000,1126.50000,1107.80005,1112.19995
SPFB.GOLD,D,20100204,000000,1110.80005,1110.80005,1060.09998,1065.19995
SPFB.GOLD,D,20100205,000000,1068.50000,1069.40002,1045.50000,1065.40002
SPFB.GOLD,D,20100208,000000,1070.00000,1075.00000,1051.00000,1066.00000
SPFB.GOLD,D,20100209,000000,1070.00000,1084.09998,1068.19995,1079.40002
SPFB.GOLD,D,20100210,000000,1080.00000,1084.30005,1064.30005,1075.00000
SPFB.GOLD,D,20100211,000000,1078.30005,1097.69995,1075.09998,1094.50000
SPFB.GOLD,D,20100212,000000,1093.19995,1094.00000,1078.19995,1094.00000
SPFB.GOLD,D,20100215,000000,1092.80005,1103.30005,1092.80005,1101.09998
SPFB.GOLD,D,20100216,000000,1101.09998,1122.00000,1101.09998,1121.30005
SPFB.GOLD,D,20100217,000000,1121.09998,1128.00000,1112.00000,1116.09998
SPFB.GOLD,D,20100218,000000,1110.50000,1127.80005,1098.50000,1127.09998
SPFB.GOLD,D,20100219,000000,1127.09998,1127.40002,1100.00000,1120.19995
SPFB.GOLD,D,20100224,000000,1120.09998,1120.09998,1091.00000,1097.69995
SPFB.GOLD,D,20100225,000000,1094.00000,1109.19995,1085.00000,1107.00000
SPFB.GOLD,D,20100226,000000,1108.90002,1123.00000,1108.09998,1118.50000
SPFB.GOLD,D,20100227,000000,1115.19995,1119.80005,1115.09998,1118.00000
SPFB.GOLD,D,20100301,000000,1118.50000,1124.40002,1112.80005,1117.30005
SPFB.GOLD,D,20100302,000000,1117.09998,1141.09998,1115.90002,1135.69995
SPFB.GOLD,D,20100303,000000,1136.80005,1149.00000,1135.90002,1141.00000
SPFB.GOLD,D,20100304,000000,1140.50000,1143.80005,1128.00000,1135.00000
SPFB.GOLD,D,20100305,000000,1136.00000,1142.69995,1129.00000,1133.80005
SPFB.GOLD,D,20100309,000000,1132.30005,1132.30005,1112.19995,1122.19995
SPFB.GOLD,D,20100310,000000,1127.09998,1139.59998,1109.90002,1112.00000
SPFB.GOLD,D,20100311,000000,1113.00000,1118.19995,1106.50000,1117.50000
SPFB.GOLD,D,20100312,000000,1118.80005,1149.00000,1105.00000,1110.00000
SPFB.GOLD,D,20100315,000000,1111.50000,1113.80005,1102.59998,1110.00000
SPFB.GOLD,D,20100316,000000,1110.40002,1130.50000,1110.40002,1129.00000
SPFB.GOLD,D,20100317,000000,1131.90002,1134.40002,1120.40002,1126.40002
SPFB.GOLD,D,20100318,000000,1122.50000,1131.59998,1120.19995,1128.80005
SPFB.GOLD,D,20100319,000000,1126.00000,1128.30005,1105.19995,1109.09998
SPFB.GOLD,D,20100322,000000,1108.00000,1111.19995,1095.40002,1104.59998
SPFB.GOLD,D,20100323,000000,1105.50000,1110.50000,1098.30005,1109.69995
SPFB.GOLD,D,20100324,000000,1105.00000,1105.00000,1088.19995,1089.69995
SPFB.GOLD,D,20100325,000000,1089.90002,1098.30005,1089.90002,1093.00000
SPFB.GOLD,D,20100326,000000,1097.30005,1112.00000,1093.09998,1109.80005
SPFB.GOLD,D,20100329,000000,1110.80005,1116.69995,1108.80005,1110.50000
SPFB.GOLD,D,20100330,000000,1112.00000,1116.50000,1102.90002,1105.69995
SPFB.GOLD,D,20100331,000000,1107.69995,1120.00000,1107.69995,1113.69995
SPFB.GOLD,D,20100401,000000,1113.80005,1128.90002,1112.50000,1126.19995
SPFB.GOLD,D,20100402,000000,1123.80005,1128.00000,1118.30005,1119.00000
SPFB.GOLD,D,20100405,000000,1123.90002,1134.40002,1123.50000,1131.30005
SPFB.GOLD,D,20100406,000000,1129.00000,1140.00000,1124.59998,1136.59998
SPFB.GOLD,D,20100407,000000,1136.80005,1156.30005,1135.30005,1152.90002
SPFB.GOLD,D,20100408,000000,1152.50000,1156.80005,1147.00000,1153.09998
SPFB.GOLD,D,20100409,000000,1156.00000,1166.80005,1154.90002,1164.59998
SPFB.GOLD,D,20100412,000000,1164.59998,1170.59998,1157.40002,1157.40002
SPFB.GOLD,D,20100413,000000,1156.40002,1160.80005,1147.40002,1155.19995
SPFB.GOLD,D,20100414,000000,1155.19995,1164.50000,1155.19995,1157.69995
SPFB.GOLD,D,20100415,000000,1159.00000,1164.90002,1153.40002,1162.09998
SPFB.GOLD,D,20100416,000000,1161.09998,1161.09998,1133.30005,1140.19995
SPFB.GOLD,D,20100419,000000,1136.19995,1140.40002,1127.09998,1139.19995
SPFB.GOLD,D,20100420,000000,1137.09998,1148.40002,1137.09998,1140.69995
SPFB.GOLD,D,20100421,000000,1144.50000,1155.00000,1139.19995,1149.00000
SPFB.GOLD,D,20100422,000000,1148.59998,1151.09998,1133.59998,1143.09998
SPFB.GOLD,D,20100423,000000,1140.50000,1158.90002,1136.50000,1157.50000
SPFB.GOLD,D,20100426,000000,1157.00000,1161.50000,1151.19995,1154.50000
SPFB.GOLD,D,20100427,000000,1155.50000,1174.00000,1147.19995,1171.40002
SPFB.GOLD,D,20100428,000000,1169.30005,1175.30005,1162.00000,1168.30005
SPFB.GOLD,D,20100429,000000,1168.00000,1172.59998,1163.50000,1168.59998
SPFB.GOLD,D,20100430,000000,1169.40002,1184.00000,1169.40002,1181.00000
SPFB.GOLD,D,20100504,000000,1181.00000,1194.30005,1169.40002,1174.30005
SPFB.GOLD,D,20100505,000000,1173.80005,1178.40002,1158.69995,1176.90002
SPFB.GOLD,D,20100506,000000,1176.69995,1210.90002,1173.80005,1202.50000
SPFB.GOLD,D,20100507,000000,1202.50000,1215.00000,1193.00000,1209.50000
SPFB.GOLD,D,20100511,000000,1206.00000,1238.90002,1205.40002,1238.90002
SPFB.GOLD,D,20100512,000000,1237.00000,1248.90002,1228.90002,1239.00000
SPFB.GOLD,D,20100513,000000,1238.69995,1243.90002,1228.59998,1234.19995
SPFB.GOLD,D,20100514,000000,1235.80005,1250.50000,1211.00000,1234.00000
SPFB.GOLD,D,20100517,000000,1235.00000,1242.00000,1221.30005,1222.00000
SPFB.GOLD,D,20100518,000000,1225.00000,1231.90002,1207.50000,1223.00000
SPFB.GOLD,D,20100519,000000,1220.30005,1222.19995,1188.90002,1196.80005
SPFB.GOLD,D,20100520,000000,1194.00000,1195.80005,1176.19995,1183.30005
SPFB.GOLD,D,20100521,000000,1181.50000,1189.00000,1170.80005,1177.59998
SPFB.GOLD,D,20100524,000000,1178.40002,1198.00000,1178.40002,1196.50000
SPFB.GOLD,D,20100525,000000,1196.00000,1200.80005,1186.90002,1199.90002
SPFB.GOLD,D,20100526,000000,1200.00000,1216.00000,1200.00000,1211.30005
SPFB.GOLD,D,20100527,000000,1214.09998,1217.40002,1206.30005,1211.59998
SPFB.GOLD,D,20100528,000000,1212.50000,1216.59998,1201.09998,1214.80005
SPFB.GOLD,D,20100531,000000,1213.19995,1219.00000,1211.69995,1218.50000
SPFB.GOLD,D,20100601,000000,1219.00000,1230.19995,1218.50000,1226.30005
SPFB.GOLD,D,20100602,000000,1225.59998,1225.90002,1214.50000,1223.00000
SPFB.GOLD,D,20100603,000000,1223.69995,1225.19995,1200.90002,1208.00000
SPFB.GOLD,D,20100604,000000,1206.80005,1221.40002,1197.19995,1215.09998
SPFB.GOLD,D,20100607,000000,1217.69995,1244.59998,1210.19995,1242.90002
SPFB.GOLD,D,20100608,000000,1239.00000,1253.00000,1233.30005,1236.50000
SPFB.GOLD,D,20100609,000000,1237.59998,1239.00000,1225.00000,1233.00000
SPFB.GOLD,D,20100610,000000,1237.19995,1237.19995,1220.00000,1220.19995
SPFB.GOLD,D,20100611,000000,1224.59998,1235.80005,1223.00000,1231.00000
SPFB.GOLD,D,20100615,000000,1229.09998,1239.59998,1225.50000,1238.50000
SPFB.GOLD,D,20100616,000000,1239.50000,1242.00000,1231.59998,1236.00000
SPFB.GOLD,D,20100617,000000,1238.09998,1255.00000,1235.90002,1249.00000
SPFB.GOLD,D,20100618,000000,1249.19995,1268.00000,1247.09998,1261.69995
SPFB.GOLD,D,20100621,000000,1260.90002,1270.00000,1235.50000,1238.80005
SPFB.GOLD,D,20100622,000000,1240.50000,1248.09998,1237.00000,1244.40002
SPFB.GOLD,D,20100623,000000,1243.59998,1250.40002,1228.69995,1239.09998
SPFB.GOLD,D,20100624,000000,1240.00000,1253.00000,1232.19995,1245.30005
SPFB.GOLD,D,20100625,000000,1245.30005,1261.59998,1245.30005,1256.80005
SPFB.GOLD,D,20100628,000000,1258.90002,1266.19995,1239.50000,1243.00000
SPFB.GOLD,D,20100629,000000,1242.30005,1248.80005,1231.90002,1243.19995
SPFB.GOLD,D,20100630,000000,1244.30005,1251.19995,1238.00000,1245.90002
SPFB.GOLD,D,20100701,000000,1247.80005,1248.90002,1203.00000,1204.00000
SPFB.GOLD,D,20100702,000000,1207.90002,1217.00000,1204.50000,1213.59998
SPFB.GOLD,D,20100705,000000,1216.00000,1217.40002,1206.90002,1211.90002
SPFB.GOLD,D,20100706,000000,1209.50000,1216.80005,1186.00000,1193.59998
SPFB.GOLD,D,20100707,000000,1191.69995,1205.80005,1187.09998,1205.50000
SPFB.GOLD,D,20100708,000000,1205.90002,1209.40002,1189.40002,1200.00000
SPFB.GOLD,D,20100709,000000,1200.59998,1215.09998,1195.09998,1210.00000
SPFB.GOLD,D,20100712,000000,1210.09998,1212.09998,1200.00000,1203.69995
SPFB.GOLD,D,20100713,000000,1203.09998,1219.80005,1198.90002,1213.00000
SPFB.GOLD,D,20100714,000000,1213.80005,1242.00000,1204.50000,1209.69995
SPFB.GOLD,D,20100715,000000,1212.80005,1218.00000,1205.00000,1210.30005
SPFB.GOLD,D,20100716,000000,1208.09998,1210.40002,1188.69995,1194.09998
SPFB.GOLD,D,20100719,000000,1194.69995,1195.19995,1179.40002,1185.30005
SPFB.GOLD,D,20100720,000000,1185.90002,1195.00000,1177.50000,1193.40002
SPFB.GOLD,D,20100721,000000,1192.00000,1200.19995,1185.40002,1187.80005
SPFB.GOLD,D,20100722,000000,1185.00000,1201.40002,1183.50000,1195.80005
SPFB.GOLD,D,20100723,000000,1196.80005,1205.00000,1187.00000,1189.40002
SPFB.GOLD,D,20100726,000000,1191.00000,1197.09998,1181.19995,1184.09998
SPFB.GOLD,D,20100727,000000,1186.80005,1189.50000,1162.40002,1165.90002
SPFB.GOLD,D,20100728,000000,1165.09998,1169.40002,1160.09998,1167.09998
SPFB.GOLD,D,20100729,000000,1168.00000,1173.30005,1162.80005,1170.50000
SPFB.GOLD,D,20100730,000000,1172.00000,1185.50000,1170.00000,1182.69995
SPFB.GOLD,D,20100802,000000,1182.69995,1193.00000,1177.80005,1185.09998
SPFB.GOLD,D,20100803,000000,1185.90002,1192.59998,1182.59998,1187.50000
SPFB.GOLD,D,20100804,000000,1190.00000,1204.80005,1190.00000,1197.00000
SPFB.GOLD,D,20100805,000000,1196.00000,1202.09998,1185.69995,1198.00000
SPFB.GOLD,D,20100806,000000,1199.40002,1212.80005,1196.00000,1208.50000
SPFB.GOLD,D,20100809,000000,1209.00000,1212.69995,1202.19995,1203.00000
SPFB.GOLD,D,20100810,000000,1202.80005,1209.00000,1193.69995,1206.90002
SPFB.GOLD,D,20100811,000000,1205.00000,1211.00000,1195.00000,1201.09998
SPFB.GOLD,D,20100812,000000,1202.69995,1219.30005,1202.00000,1217.30005
SPFB.GOLD,D,20100813,000000,1219.80005,1221.59998,1215.00000,1218.00000
SPFB.GOLD,D,20100816,000000,1219.00000,1230.00000,1219.00000,1227.90002
SPFB.GOLD,D,20100817,000000,1226.50000,1234.00000,1225.19995,1227.50000
SPFB.GOLD,D,20100818,000000,1227.50000,1232.90002,1218.09998,1230.30005
SPFB.GOLD,D,20100819,000000,1231.00000,1237.90002,1228.50000,1231.50000
SPFB.GOLD,D,20100820,000000,1233.00000,1234.50000,1222.19995,1228.00000
SPFB.GOLD,D,20100823,000000,1229.59998,1232.09998,1221.59998,1226.50000
SPFB.GOLD,D,20100824,000000,1225.00000,1236.09998,1211.09998,1230.00000
SPFB.GOLD,D,20100825,000000,1231.19995,1241.19995,1230.59998,1240.69995
SPFB.GOLD,D,20100826,000000,1240.90002,1244.00000,1235.19995,1238.50000
SPFB.GOLD,D,20100827,000000,1237.50000,1243.00000,1232.50000,1236.30005
SPFB.GOLD,D,20100830,000000,1236.30005,1238.69995,1234.00000,1237.19995
SPFB.GOLD,D,20100831,000000,1237.19995,1249.00000,1232.19995,1246.19995
SPFB.GOLD,D,20100901,000000,1248.69995,1255.40002,1243.59998,1247.09998
SPFB.GOLD,D,20100902,000000,1247.80005,1254.59998,1246.90002,1253.90002
SPFB.GOLD,D,20100903,000000,1252.59998,1256.09998,1239.69995,1247.09998
SPFB.GOLD,D,20100906,000000,1250.90002,1252.30005,1248.90002,1251.00000
SPFB.GOLD,D,20100907,000000,1251.00000,1260.30005,1245.30005,1257.19995
SPFB.GOLD,D,20100908,000000,1257.59998,1263.40002,1253.69995,1256.90002
SPFB.GOLD,D,20100909,000000,1256.90002,1259.59998,1244.00000,1246.70000
SPFB.GOLD,D,20100910,000000,1253.40002,1255.40002,1241.69995,1251.50000
SPFB.GOLD,D,20100913,000000,1251.40002,1255.30005,1246.80005,1250.00000
SPFB.GOLD,D,20100914,000000,1253.00000,1278.30005,1253.00000,1273.30005
SPFB.GOLD,D,20100915,000000,1273.09998,1277.00000,1266.69995,1273.30005
SPFB.GOLD,D,20100916,000000,1272.80005,1284.40002,1270.69995,1282.00000
SPFB.GOLD,D,20100917,000000,1282.00000,1288.09998,1277.80005,1280.80005
SPFB.GOLD,D,20100920,000000,1283.00000,1289.90002,1282.09998,1284.59998
SPFB.GOLD,D,20100921,000000,1283.69995,1295.00000,1275.50000,1293.09998
SPFB.GOLD,D,20100922,000000,1293.50000,1299.90002,1290.40002,1296.00000
SPFB.GOLD,D,20100923,000000,1295.30005,1299.00000,1290.69995,1294.50000
SPFB.GOLD,D,20100924,000000,1295.09998,1303.19995,1294.90002,1298.90002
SPFB.GOLD,D,20100927,000000,1300.90002,1303.30005,1297.00000,1299.30005
SPFB.GOLD,D,20100928,000000,1299.09998,1313.00000,1283.00000,1311.19995
SPFB.GOLD,D,20100929,000000,1312.00000,1314.59998,1307.69995,1310.80005
SPFB.GOLD,D,20100930,000000,1310.00000,1318.80005,1299.50000,1311.00000
SPFB.GOLD,D,20101001,000000,1313.59998,1323.90002,1310.40002,1321.00000
SPFB.GOLD,D,20101004,000000,1321.00000,1325.00000,1315.19995,1317.00000
SPFB.GOLD,D,20101005,000000,1319.00000,1345.09998,1319.00000,1343.50000
SPFB.GOLD,D,20101006,000000,1344.30005,1353.50000,1344.30005,1351.00000
SPFB.GOLD,D,20101007,000000,1352.50000,1367.00000,1329.50000,1339.00000
SPFB.GOLD,D,20101008,000000,1337.50000,1352.80005,1328.69995,1348.80005
SPFB.GOLD,D,20101011,000000,1349.00000,1358.00000,1344.40002,1356.00000
SPFB.GOLD,D,20101012,000000,1354.30005,1357.00000,1343.80005,1356.00000
SPFB.GOLD,D,20101013,000000,1357.00000,1376.80005,1357.00000,1375.09998
SPFB.GOLD,D,20101014,000000,1375.50000,1400.00000,1374.90002,1384.10000
SPFB.GOLD,D,20101015,000000,1384.10000,1389.00000,1365.80000,1370.40002
SPFB.GOLD,D,20101018,000000,1371.00000,1375.50000,1356.40002,1375.19995
SPFB.GOLD,D,20101019,000000,1373.00000,1374.40002,1332.40002,1335.00000
SPFB.GOLD,D,20101020,000000,1337.90002,1350.59998,1336.50000,1347.00000
SPFB.GOLD,D,20101021,000000,1346.50000,1351.50000,1321.50000,1327.19995
SPFB.GOLD,D,20101022,000000,1327.59998,1332.00000,1318.50000,1331.40002
SPFB.GOLD,D,20101025,000000,1331.50000,1352.19995,1331.50000,1340.40002
SPFB.GOLD,D,20101026,000000,1342.59998,1344.90002,1330.50000,1341.90002
SPFB.GOLD,D,20101027,000000,1337.00000,1338.00000,1321.90002,1329.80005
SPFB.GOLD,D,20101028,000000,1329.90002,1348.19995,1325.59998,1346.80005
SPFB.GOLD,D,20101029,000000,1343.50000,1361.80005,1338.00000,1360.69995
SPFB.GOLD,D,20101101,000000,1361.19995,1367.69995,1351.80005,1353.00000
SPFB.GOLD,D,20101102,000000,1354.59998,1362.50000,1353.09998,1359.80005
SPFB.GOLD,D,20101103,000000,1359.80005,1367.00000,1328.80005,1348.59998
SPFB.GOLD,D,20101108,000000,1350.80005,1412.50000,1350.80005,1409.59998
SPFB.GOLD,D,20101109,000000,1410.00000,1426.80005,1386.50000,1387.09998
SPFB.GOLD,D,20101110,000000,1393.00000,1412.40002,1386.19995,1406.69995
SPFB.GOLD,D,20101111,000000,1406.90002,1420.00000,1399.69995,1410.19995
SPFB.GOLD,D,20101112,000000,1408.50000,1408.50000,1362.59998,1371.00000
SPFB.GOLD,D,20101113,000000,1369.00000,1374.90002,1368.00000,1374.90002
SPFB.GOLD,D,20101115,000000,1372.30005,1378.69995,1361.00000,1363.09998
SPFB.GOLD,D,20101116,000000,1363.50000,1367.59998,1333.00000,1344.00000
SPFB.GOLD,D,20101117,000000,1341.00000,1347.90002,1334.19995,1338.69995
SPFB.GOLD,D,20101118,000000,1341.90002,1362.90002,1341.90002,1356.40002
SPFB.GOLD,D,20101119,000000,1359.40002,1364.80005,1344.69995,1357.90002
SPFB.GOLD,D,20101122,000000,1358.30005,1374.90002,1351.40002,1370.00000
SPFB.GOLD,D,20101123,000000,1368.00000,1384.09998,1358.69995,1377.90002
SPFB.GOLD,D,20101124,000000,1379.69995,1383.09998,1371.30005,1376.00000
SPFB.GOLD,D,20101125,000000,1374.59998,1378.00000,1372.40002,1376.00000
SPFB.GOLD,D,20101126,000000,1375.00000,1375.00000,1352.50000,1362.00000
SPFB.GOLD,D,20101129,000000,1363.40002,1371.50000,1357.00000,1369.90002
SPFB.GOLD,D,20101130,000000,1369.69995,1392.00000,1367.50000,1388.09998
SPFB.GOLD,D,20101201,000000,1388.80005,1398.50000,1383.90002,1391.50000
SPFB.GOLD,D,20101202,000000,1392.00000,1400.50000,1386.00000,1386.80005
SPFB.GOLD,D,20101203,000000,1389.00000,1409.90002,1387.30005,1409.00000
SPFB.GOLD,D,20101206,000000,1409.00000,1425.00000,1409.00000,1421.00000
SPFB.GOLD,D,20101207,000000,1421.00000,1432.00000,1400.50000,1402.80005
SPFB.GOLD,D,20101208,000000,1401.30005,1401.30005,1372.50000,1384.60000
SPFB.GOLD,D,20101209,000000,1392.00000,1400.30005,1380.90000,1386.10000
SPFB.GOLD,D,20101210,000000,1397.69995,1398.50000,1378.59998,1393.30005
SPFB.GOLD,D,20101213,000000,1394.69995,1405.40002,1394.09998,1400.00000
SPFB.GOLD,D,20101214,000000,1405.50000,1414.40002,1397.50000,1400.59998
SPFB.GOLD,D,20101215,000000,1399.19995,1399.30005,1384.50000,1387.00000
SPFB.GOLD,D,20101216,000000,1387.80005,1390.69995,1366.09998,1375.00000
SPFB.GOLD,D,20101217,000000,1375.50000,1384.00000,1369.59998,1384.00000
SPFB.GOLD,D,20101220,000000,1384.00000,1393.00000,1379.09998,1387.80005
SPFB.GOLD,D,20101221,000000,1389.50000,1395.00000,1384.00000,1390.30005
SPFB.GOLD,D,20101222,000000,1391.50000,1393.80005,1385.09998,1386.59998
SPFB.GOLD,D,20101223,000000,1387.69995,1389.69995,1374.90002,1381.19995
SPFB.GOLD,D,20101224,000000,1383.30005,1386.59998,1381.00000,1386.59998
SPFB.GOLD,D,20101227,000000,1387.50000,1389.50000,1380.80005,1387.40002
SPFB.GOLD,D,20101228,000000,1388.00000,1410.00000,1388.00000,1410.00000
SPFB.GOLD,D,20101229,000000,1410.00000,1417.40002,1404.00000,1414.00000
SPFB.GOLD,D,20101230,000000,1415.00000,1418.00000,1405.80000,1407.70000
SPFB.GOLD,D,20110111,000000,1407.00000,1407.00000,1375.59998,1388.80000
SPFB.GOLD,D,20110112,000000,1389.00000,1392.00000,1379.90000,1390.30000
SPFB.GOLD,D,20110113,000000,1390.10000,1395.90000,1373.00000,1375.50000
SPFB.GOLD,D,20110114,000000,1377.00000,1379.30000,1357.10000,1362.80000
SPFB.GOLD,D,20110117,000000,1363.20000,1365.40000,1359.20000,1361.30000
SPFB.GOLD,D,20110118,000000,1362.30000,1378.70000,1362.30000,1368.80000
SPFB.GOLD,D,20110119,000000,1369.60000,1381.30000,1369.00000,1371.00000
SPFB.GOLD,D,20110120,000000,1370.60000,1370.60000,1331.00000,1351.10000
SPFB.GOLD,D,20110121,000000,1351.10000,1353.00000,1339.40000,1344.30000
SPFB.GOLD,D,20110124,000000,1346.50000,1354.20000,1336.00000,1338.50000
SPFB.GOLD,D,20110125,000000,1336.00000,1336.90000,1324.50000,1335.00000
SPFB.GOLD,D,20110126,000000,1335.40000,1345.80000,1327.20000,1345.00000
SPFB.GOLD,D,20110127,000000,1346.00000,1347.80000,1313.10000,1315.00000
SPFB.GOLD,D,20110128,000000,1316.00000,1349.70000,1313.00000,1345.00000
SPFB.GOLD,D,20110131,000000,1343.00000,1343.00000,1325.30000,1333.30000
SPFB.GOLD,D,20110201,000000,1334.00000,1345.80005,1327.70000,1343.00000
SPFB.GOLD,D,20110202,000000,1342.00000,1342.00000,1329.00000,1339.00000
SPFB.GOLD,D,20110203,000000,1339.00000,1357.50000,1327.60000,1355.10000
SPFB.GOLD,D,20110204,000000,1354.00000,1361.50000,1347.90002,1351.30005
SPFB.GOLD,D,20110207,000000,1349.00000,1355.40002,1347.09998,1352.50000
SPFB.GOLD,D,20110208,000000,1354.00000,1370.00000,1350.19995,1366.09998
SPFB.GOLD,D,20110209,000000,1366.09998,1369.00000,1360.19995,1363.59998
SPFB.GOLD,D,20110210,000000,1363.50000,1368.80005,1353.59998,1363.00000
SPFB.GOLD,D,20110211,000000,1364.00000,1371.00000,1356.00000,1358.00000
SPFB.GOLD,D,20110214,000000,1359.00000,1369.00000,1358.40002,1364.30000
SPFB.GOLD,D,20110215,000000,1365.90000,1379.00000,1365.70000,1375.90000
SPFB.GOLD,D,20110216,000000,1377.00000,1384.70000,1369.90000,1376.20000
SPFB.GOLD,D,20110217,000000,1378.00000,1389.10000,1378.00000,1387.00000
SPFB.GOLD,D,20110218,000000,1387.80000,1394.90000,1384.80000,1389.20000
SPFB.GOLD,D,20110221,000000,1392.00000,1411.10000,1392.00000,1409.90000
SPFB.GOLD,D,20110222,000000,1409.00000,1409.70000,1396.50000,1401.20000
SPFB.GOLD,D,20110224,000000,1404.40000,1422.00000,1392.00000,1397.10000
SPFB.GOLD,D,20110225,000000,1400.90000,1415.00000,1400.90000,1413.20000
SPFB.GOLD,D,20110228,000000,1414.80000,1419.80000,1407.70000,1411.50000
SPFB.GOLD,D,20110301,000000,1412.80000,1435.00000,1412.80000,1433.90000
SPFB.GOLD,D,20110302,000000,1433.50000,1441.90000,1429.80000,1434.80000
SPFB.GOLD,D,20110303,000000,1432.50000,1434.80000,1410.59998,1417.30005
SPFB.GOLD,D,20110304,000000,1417.30005,1433.50000,1415.80005,1430.00000
SPFB.GOLD,D,20110305,000000,1430.00000,1437.30000,1428.59998,1437.30000
SPFB.GOLD,D,20110309,000000,1433.60000,1439.70000,1425.80000,1431.20000
SPFB.GOLD,D,20110310,000000,1437.19995,1437.90002,1409.90002,1417.50000
SPFB.GOLD,D,20110311,000000,1420.19995,1431.50000,1412.00000,1427.00000
SPFB.GOLD,D,20110314,000000,1429.00000,1436.30000,1425.80000,1428.50000
SPFB.GOLD,D,20110315,000000,1426.10000,1426.10000,1385.80000,1398.09998
SPFB.GOLD,D,20110316,000000,1402.69995,1410.69995,1396.20000,1402.70000
SPFB.GOLD,D,20110317,000000,1400.00000,1409.50000,1391.50000,1407.40000
SPFB.GOLD,D,20110318,000000,1409.90000,1428.30000,1409.90000,1424.50000
SPFB.GOLD,D,20110321,000000,1425.50000,1439.20000,1420.70000,1431.70000
SPFB.GOLD,D,20110322,000000,1431.50000,1436.50000,1423.80000,1432.00000
SPFB.GOLD,D,20110323,000000,1433.00000,1445.50000,1431.40000,1443.00000
SPFB.GOLD,D,20110324,000000,1441.90000,1452.80000,1428.00000,1433.50000
SPFB.GOLD,D,20110325,000000,1435.00000,1442.40000,1426.00000,1434.80000
SPFB.GOLD,D,20110328,000000,1431.70000,1431.70000,1415.00000,1423.70000
SPFB.GOLD,D,20110329,000000,1424.50000,1428.80000,1416.00000,1423.00000
SPFB.GOLD,D,20110330,000000,1423.00000,1434.60000,1415.90000,1426.20000
SPFB.GOLD,D,20110331,000000,1427.00000,1443.00000,1426.20000,1441.00000
SPFB.GOLD,D,20110401,000000,1440.00000,1440.00000,1416.50000,1430.70000
SPFB.GOLD,D,20110404,000000,1432.00000,1442.59998,1432.00000,1437.80000
SPFB.GOLD,D,20110405,000000,1438.00000,1459.90000,1433.80000,1459.30000
SPFB.GOLD,D,20110406,000000,1458.30000,1466.20000,1456.70000,1464.50000
SPFB.GOLD,D,20110407,000000,1462.00000,1468.80000,1456.70000,1463.60000
SPFB.GOLD,D,20110408,000000,1463.90000,1481.70000,1463.90000,1478.00000
SPFB.GOLD,D,20110411,000000,1472.10000,1478.80000,1462.70000,1466.20000
SPFB.GOLD,D,20110412,000000,1463.00000,1470.70000,1447.30000,1456.00000
SPFB.GOLD,D,20110413,000000,1456.90000,1465.60000,1454.80000,1460.60000
SPFB.GOLD,D,20110414,000000,1462.50000,1477.90000,1455.90000,1477.50000
SPFB.GOLD,D,20110415,000000,1477.50000,1492.50000,1475.10000,1490.10000
SPFB.GOLD,D,20110418,000000,1489.10000,1505.00000,1480.70000,1499.80000
SPFB.GOLD,D,20110419,000000,1499.50000,1503.20000,1493.00000,1500.80000
SPFB.GOLD,D,20110420,000000,1502.00000,1511.70000,1498.10000,1505.40000
SPFB.GOLD,D,20110421,000000,1506.80000,1513.30000,1504.10000,1509.80000
SPFB.GOLD,D,20110422,000000,1509.90000,1513.90000,1508.20000,1510.50000
SPFB.GOLD,D,20110425,000000,1512.30000,1522.40000,1505.60000,1512.80000
SPFB.GOLD,D,20110426,000000,1512.00000,1512.00000,1495.60000,1503.80000
SPFB.GOLD,D,20110427,000000,1507.00000,1533.70000,1505.90000,1532.00000
SPFB.GOLD,D,20110428,000000,1533.50000,1544.00000,1526.80000,1539.00000
SPFB.GOLD,D,20110429,000000,1536.50000,1572.40000,1535.30000,1562.80000
SPFB.GOLD,D,20110503,000000,1560.10000,1560.10000,1520.00000,1536.60000
SPFB.GOLD,D,20110504,000000,1536.70000,1545.50000,1507.60000,1516.60000
SPFB.GOLD,D,20110505,000000,1516.80000,1522.50000,1464.10000,1475.40000
SPFB.GOLD,D,20110506,000000,1479.50000,1499.30000,1476.10000,1493.60000
SPFB.GOLD,D,20110510,000000,1493.60000,1523.80000,1493.60000,1518.80000
SPFB.GOLD,D,20110511,000000,1520.60000,1528.70000,1497.20000,1506.90000
SPFB.GOLD,D,20110512,000000,1502.30000,1519.00000,1479.70000,1504.90000
SPFB.GOLD,D,20110513,000000,1508.70000,1518.30000,1484.90000,1495.80000
SPFB.GOLD,D,20110516,000000,1492.00000,1509.70000,1485.60000,1501.00000
SPFB.GOLD,D,20110517,000000,1501.00000,1501.00000,1471.20000,1485.00000
SPFB.GOLD,D,20110518,000000,1486.00000,1504.00000,1486.00000,1496.50000
SPFB.GOLD,D,20110519,000000,1495.40000,1499.60000,1486.20000,1497.10000
SPFB.GOLD,D,20110520,000000,1499.00000,1519.70000,1489.60000,1517.60000
SPFB.GOLD,D,20110523,000000,1515.00000,1523.00000,1506.60000,1520.20000
SPFB.GOLD,D,20110524,000000,1520.00000,1530.40000,1519.40000,1526.70000
SPFB.GOLD,D,20110525,000000,1526.00000,1535.10000,1523.50000,1527.70000
SPFB.GOLD,D,20110526,000000,1528.30000,1533.70000,1516.70000,1523.90000
SPFB.GOLD,D,20110527,000000,1525.00000,1540.60000,1525.00000,1538.00000
SPFB.GOLD,D,20110530,000000,1538.00000,1542.40000,1536.70000,1542.40000
SPFB.GOLD,D,20110531,000000,1540.00000,1542.90000,1534.30000,1538.10000
SPFB.GOLD,D,20110601,000000,1536.00000,1553.40000,1531.80000,1540.50000
SPFB.GOLD,D,20110602,000000,1540.20000,1547.00000,1515.60000,1535.70000
SPFB.GOLD,D,20110603,000000,1535.00000,1549.40000,1526.40000,1544.10000
SPFB.GOLD,D,20110606,000000,1547.50000,1554.80000,1542.50000,1545.10000
SPFB.GOLD,D,20110607,000000,1548.00000,1551.50000,1538.00000,1549.50000
SPFB.GOLD,D,20110608,000000,1547.00000,1549.00000,1532.00000,1538.70000
SPFB.GOLD,D,20110609,000000,1537.60000,1551.20000,1534.30000,1546.00000
SPFB.GOLD,D,20110610,000000,1547.50000,1550.30000,1531.00000,1536.00000
SPFB.GOLD,D,20110614,000000,1530.00000,1532.90000,1518.20000,1531.60000
SPFB.GOLD,D,20110615,000000,1536.00000,1548.00000,1520.10000,1538.40000
SPFB.GOLD,D,20110616,000000,1535.00000,1538.40000,1526.70000,1534.50000
SPFB.GOLD,D,20110617,000000,1532.30000,1547.50000,1527.80000,1544.20000
SPFB.GOLD,D,20110620,000000,1544.00000,1552.40000,1538.50000,1546.20000
SPFB.GOLD,D,20110621,000000,1548.00000,1553.50000,1546.00000,1552.00000
SPFB.GOLD,D,20110622,000000,1552.00000,1562.00000,1537.00000,1554.30000
SPFB.GOLD,D,20110623,000000,1552.00000,1552.00000,1517.60000,1526.00000
SPFB.GOLD,D,20110624,000000,1525.70000,1528.40002,1466.50000,1501.00000
SPFB.GOLD,D,20110627,000000,1504.40000,1506.80000,1494.20000,1499.80000
SPFB.GOLD,D,20110628,000000,1500.90000,1515.00000,1499.70000,1504.00000
SPFB.GOLD,D,20110629,000000,1505.00000,1517.70000,1505.00000,1515.30000
SPFB.GOLD,D,20110630,000000,1515.40000,1517.30000,1503.00000,1504.30000
SPFB.GOLD,D,20110701,000000,1505.00000,1505.00000,1482.60000,1491.60000
SPFB.GOLD,D,20110704,000000,1495.00000,1502.00000,1495.00000,1500.70000
SPFB.GOLD,D,20110705,000000,1500.70000,1520.50000,1496.70000,1519.30000
SPFB.GOLD,D,20110706,000000,1519.20000,1538.10000,1514.70000,1533.70000
SPFB.GOLD,D,20110707,000000,1533.70000,1539.30000,1526.90000,1535.80000
SPFB.GOLD,D,20110708,000000,1536.50000,1550.10000,1529.30000,1548.00000
SPFB.GOLD,D,20110711,000000,1549.00000,1561.60000,1546.50000,1556.80000
SPFB.GOLD,D,20110712,000000,1556.00000,1578.00000,1545.00000,1571.70000
SPFB.GOLD,D,20110713,000000,1571.40000,1593.00000,1570.50000,1584.60000
SPFB.GOLD,D,20110714,000000,1586.50000,1599.40000,1586.10000,1591.00000
SPFB.GOLD,D,20110715,000000,1588.00000,1597.40000,1580.10000,1596.30000
SPFB.GOLD,D,20110718,000000,1597.80000,1612.30000,1597.80000,1608.50000
SPFB.GOLD,D,20110719,000000,1609.70000,1613.80000,1587.20000,1591.00000
SPFB.GOLD,D,20110720,000000,1592.90000,1604.60000,1584.80000,1602.20000
SPFB.GOLD,D,20110721,000000,1603.20000,1608.80000,1587.20000,1595.90000
SPFB.GOLD,D,20110722,000000,1595.40000,1613.40000,1588.40000,1606.30000
SPFB.GOLD,D,20110725,000000,1608.40000,1624.40000,1608.40000,1618.10000
SPFB.GOLD,D,20110726,000000,1616.70000,1623.30000,1612.00000,1622.60000
SPFB.GOLD,D,20110727,000000,1624.00000,1631.80000,1612.00000,1616.40000
SPFB.GOLD,D,20110728,000000,1617.60000,1623.70000,1606.80000,1617.80000
SPFB.GOLD,D,20110729,000000,1615.00000,1636.00000,1613.40000,1628.10000
SPFB.GOLD,D,20110801,000000,1626.50000,1635.00000,1601.10000,1622.20000
SPFB.GOLD,D,20110802,000000,1625.90000,1658.70000,1625.90000,1657.00000
SPFB.GOLD,D,20110803,000000,1657.00000,1676.40000,1657.00000,1663.40000
SPFB.GOLD,D,20110804,000000,1662.00000,1684.10000,1641.00000,1648.30000
SPFB.GOLD,D,20110805,000000,1653.00000,1672.00000,1645.00000,1659.50000
SPFB.GOLD,D,20110808,000000,1665.00000,1730.00000,1665.00000,1717.40000
SPFB.GOLD,D,20110809,000000,1718.00000,1795.00000,1715.60000,1739.10000
SPFB.GOLD,D,20110810,000000,1744.30000,1810.50000,1739.00000,1789.20000
SPFB.GOLD,D,20110811,000000,1791.00000,1799.40000,1735.00000,1752.20000
SPFB.GOLD,D,20110812,000000,1753.20000,1771.00000,1727.20000,1744.00000
SPFB.GOLD,D,20110815,000000,1746.00000,1771.50000,1735.60000,1769.10000
SPFB.GOLD,D,20110816,000000,1769.60000,1791.40000,1767.70000,1790.20000
SPFB.GOLD,D,20110817,000000,1790.20000,1800.30000,1781.20000,1797.00000
SPFB.GOLD,D,20110818,000000,1799.00000,1834.50000,1796.70000,1829.50000
SPFB.GOLD,D,20110819,000000,1837.20000,1882.70000,1837.20000,1853.00000
SPFB.GOLD,D,20110822,000000,1859.50000,1900.00000,1859.50000,1898.70000
SPFB.GOLD,D,20110823,000000,1900.00000,1908.00000,1826.00000,1830.00000
SPFB.GOLD,D,20110824,000000,1838.50000,1858.70000,1755.20000,1769.00000
SPFB.GOLD,D,20110825,000000,1763.10000,1774.50000,1707.10000,1773.80000
SPFB.GOLD,D,20110826,000000,1774.90000,1825.00000,1767.10000,1820.50000
SPFB.GOLD,D,20110829,000000,1820.00000,1826.80000,1775.00000,1792.30000
SPFB.GOLD,D,20110830,000000,1794.00000,1850.00000,1787.30000,1842.00000
SPFB.GOLD,D,20110831,000000,1842.00000,1848.00000,1815.00000,1829.00000
SPFB.GOLD,D,20110901,000000,1826.00000,1834.00000,1817.00000,1827.50000
SPFB.GOLD,D,20110902,000000,1829.00000,1887.00000,1829.00000,1883.80005
SPFB.GOLD,D,20110905,000000,1885.90002,1909.90002,1878.00000,1901.19995
SPFB.GOLD,D,20110906,000000,1903.50000,1924.40002,1857.00000,1876.30005
SPFB.GOLD,D,20110907,000000,1876.30005,1876.30005,1798.19995,1824.80005
SPFB.GOLD,D,20110908,000000,1827.00000,1878.50000,1827.00000,1874.50000
SPFB.GOLD,D,20110909,000000,1875.10000,1891.20000,1827.80000,1857.50000
SPFB.GOLD,D,20110912,000000,1858.90002,1864.50000,1811.40000,1824.90000
SPFB.GOLD,D,20110913,000000,1825.00000,1857.00000,1805.00000,1845.90002
SPFB.GOLD,D,20110914,000000,1842.00000,1847.00000,1820.00000,1827.00000
SPFB.GOLD,D,20110915,000000,1819.00000,1827.50000,1781.19995,1798.00000
SPFB.GOLD,D,20110916,000000,1794.80005,1830.50000,1770.00000,1816.19995
SPFB.GOLD,D,20110919,000000,1820.00000,1835.30005,1779.30005,1787.80005
SPFB.GOLD,D,20110920,000000,1787.80005,1818.59998,1780.09998,1810.00000
SPFB.GOLD,D,20110921,000000,1815.00000,1823.40002,1781.59998,1794.50000
SPFB.GOLD,D,20110922,000000,1787.19995,1787.19995,1729.69995,1742.69995
SPFB.GOLD,D,20110923,000000,1742.40002,1757.09998,1637.00000,1655.00000
SPFB.GOLD,D,20110926,000000,1645.00000,1645.00000,1546.00000,1633.19995
SPFB.GOLD,D,20110927,000000,1640.00000,1683.40002,1640.00000,1652.00000
SPFB.GOLD,D,20110928,000000,1651.30005,1675.69995,1601.59998,1612.00000
SPFB.GOLD,D,20110929,000000,1612.19995,1641.90002,1607.09998,1622.00000
SPFB.GOLD,D,20110930,000000,1625.59998,1639.80005,1608.59998,1622.80005
SPFB.GOLD,D,20111003,000000,1629.59998,1672.69995,1629.59998,1659.09998
SPFB.GOLD,D,20111004,000000,1662.50000,1689.69995,1599.50000,1620.40002
SPFB.GOLD,D,20111005,000000,1622.00000,1652.00000,1603.19995,1647.19995
SPFB.GOLD,D,20111006,000000,1649.50000,1660.19995,1635.00000,1655.50000
SPFB.GOLD,D,20111007,000000,1660.00000,1669.90002,1631.19995,1641.80005
SPFB.GOLD,D,20111010,000000,1648.09998,1684.00000,1648.09998,1684.00000
SPFB.GOLD,D,20111011,000000,1684.00000,1686.00000,1658.09998,1672.40002
SPFB.GOLD,D,20111012,000000,1671.59998,1697.00000,1670.00000,1685.09998
SPFB.GOLD,D,20111013,000000,1681.69995,1685.80005,1656.00000,1674.00000
SPFB.GOLD,D,20111014,000000,1674.50000,1689.69995,1672.90002,1685.09998
SPFB.GOLD,D,20111017,000000,1683.40002,1701.09998,1640.00000,1675.90002
SPFB.GOLD,D,20111018,000000,1675.69995,1676.69995,1630.00000,1669.50000
SPFB.GOLD,D,20111019,000000,1669.30005,1669.30005,1644.30005,1647.69995
SPFB.GOLD,D,20111020,000000,1645.00000,1645.00000,1607.00000,1626.69995
SPFB.GOLD,D,20111021,000000,1629.00000,1654.40002,1625.00000,1646.69995
SPFB.GOLD,D,20111024,000000,1650.00000,1666.50000,1641.19995,1655.00000
SPFB.GOLD,D,20111025,000000,1655.69995,1718.90002,1652.19995,1707.40002
SPFB.GOLD,D,20111026,000000,1715.00000,1733.80005,1708.50000,1726.69995
SPFB.GOLD,D,20111027,000000,1729.90002,1758.00000,1710.50000,1748.00000
SPFB.GOLD,D,20111028,000000,1749.50000,1753.00000,1736.69995,1750.40002
SPFB.GOLD,D,20111031,000000,1745.00000,1745.00000,1705.09998,1725.50000
SPFB.GOLD,D,20111101,000000,1727.69995,1749.90002,1688.90002,1729.69995
SPFB.GOLD,D,20111102,000000,1730.19995,1751.59998,1721.09998,1743.90002
SPFB.GOLD,D,20111103,000000,1742.00000,1775.00000,1729.80005,1771.90002
SPFB.GOLD,D,20111107,000000,1774.80005,1803.00000,1768.40002,1803.00000
SPFB.GOLD,D,20111108,000000,1802.59998,1810.00000,1781.69995,1787.40002
SPFB.GOLD,D,20111109,000000,1785.30005,1806.50000,1773.19995,1780.30005
SPFB.GOLD,D,20111110,000000,1776.00000,1782.59998,1741.30005,1759.30005
SPFB.GOLD,D,20111111,000000,1768.00000,1793.80005,1767.00000,1793.40002
SPFB.GOLD,D,20111114,000000,1795.00000,1799.69995,1780.59998,1785.50000
SPFB.GOLD,D,20111115,000000,1783.00000,1794.69995,1765.00000,1783.09998
SPFB.GOLD,D,20111116,000000,1782.00000,1786.40002,1760.00000,1778.80005
SPFB.GOLD,D,20111117,000000,1775.30005,1775.30005,1717.19995,1727.00000
SPFB.GOLD,D,20111118,000000,1728.00000,1743.19995,1719.00000,1732.19995
SPFB.GOLD,D,20111121,000000,1732.19995,1732.19995,1671.30005,1688.00000
SPFB.GOLD,D,20111122,000000,1689.00000,1713.09998,1688.59998,1705.19995
SPFB.GOLD,D,20111123,000000,1705.30005,1717.40002,1682.00000,1698.00000
SPFB.GOLD,D,20111124,000000,1699.90002,1708.50000,1695.40002,1696.00000
SPFB.GOLD,D,20111125,000000,1695.40002,1708.00000,1676.40002,1693.00000
SPFB.GOLD,D,20111128,000000,1694.00000,1726.00000,1694.00000,1713.09998
SPFB.GOLD,D,20111129,000000,1718.00000,1725.40002,1707.59998,1723.59998
SPFB.GOLD,D,20111130,000000,1725.50000,1757.69995,1705.09998,1749.69995
SPFB.GOLD,D,20111201,000000,1749.09998,1759.50000,1736.30005,1746.80005
SPFB.GOLD,D,20111202,000000,1747.80005,1765.59998,1740.90002,1751.00000
SPFB.GOLD,D,20111205,000000,1747.30005,1749.69995,1720.19995,1725.50000
SPFB.GOLD,D,20111206,000000,1722.30005,1733.30005,1704.00000,1733.30005
SPFB.GOLD,D,20111207,000000,1733.59998,1744.50000,1721.50000,1741.40002
SPFB.GOLD,D,20111208,000000,1739.09998,1758.60000,1705.30000,1710.10000
SPFB.GOLD,D,20111209,000000,1712.80000,1725.80000,1705.70000,1715.10000
SPFB.GOLD,D,20111212,000000,1720.00000,1720.00000,1667.09998,1677.80005
SPFB.GOLD,D,20111213,000000,1673.80005,1686.00000,1646.59998,1648.00000
SPFB.GOLD,D,20111214,000000,1648.00000,1652.50000,1574.00000,1584.59998
SPFB.GOLD,D,20111215,000000,1579.69995,1610.90002,1571.50000,1576.59998
SPFB.GOLD,D,20111216,000000,1583.59998,1614.80005,1583.59998,1604.00000
SPFB.GOLD,D,20111219,000000,1599.00000,1617.90002,1596.40002,1601.09998
SPFB.GOLD,D,20111220,000000,1605.09998,1627.00000,1600.30005,1624.90002
SPFB.GOLD,D,20111221,000000,1627.80005,1650.80005,1614.50000,1620.59998
SPFB.GOLD,D,20111222,000000,1620.00000,1624.00000,1603.30005,1613.59998
SPFB.GOLD,D,20111223,000000,1617.59998,1622.00000,1610.00000,1612.50000
SPFB.GOLD,D,20111226,000000,1610.19995,1613.00000,1590.50000,1602.80005
SPFB.GOLD,D,20111227,000000,1602.40002,1609.00000,1595.59998,1600.09998
SPFB.GOLD,D,20111228,000000,1600.00000,1600.00000,1561.59998,1563.00000
SPFB.GOLD,D,20111229,000000,1563.90002,1564.80005,1527.90002,1551.19995
SPFB.GOLD,D,20111230,000000,1554.90002,1588.00000,1554.90002,1571.90000
SPFB.GOLD,D,20120103,000000,1578.30000,1613.80000,1578.30000,1611.00000
SPFB.GOLD,D,20120104,000000,1609.00000,1624.20000,1599.30000,1618.50000
SPFB.GOLD,D,20120105,000000,1620.00000,1631.70000,1602.80000,1628.40000
SPFB.GOLD,D,20120106,000000,1628.70000,1636.90000,1611.50000,1623.00000
SPFB.GOLD,D,20120109,000000,1622.00000,1628.90000,1611.60000,1613.20000
SPFB.GOLD,D,20120110,000000,1618.00000,1646.40000,1618.00000,1639.60000
SPFB.GOLD,D,20120111,000000,1640.50000,1653.20000,1636.00000,1644.00000
SPFB.GOLD,D,20120112,000000,1644.80000,1669.20000,1644.80000,1654.50000
SPFB.GOLD,D,20120113,000000,1652.00000,1656.90000,1590.00000,1642.00000
SPFB.GOLD,D,20120116,000000,1645.50000,1653.70000,1642.00000,1653.30000
SPFB.GOLD,D,20120117,000000,1653.40000,1673.90000,1653.40000,1658.40000
SPFB.GOLD,D,20120118,000000,1658.50000,1668.50000,1648.50000,1663.80000
SPFB.GOLD,D,20120119,000000,1664.00000,1676.60000,1655.10000,1655.40000
SPFB.GOLD,D,20120120,000000,1660.30000,1673.20000,1649.70000,1670.00000
SPFB.GOLD,D,20120123,000000,1670.50000,1688.60000,1670.50000,1680.50000
SPFB.GOLD,D,20120124,000000,1679.50000,1683.20000,1666.60000,1670.40000
SPFB.GOLD,D,20120125,000000,1673.00000,1708.80005,1651.50000,1707.69995
SPFB.GOLD,D,20120126,000000,1708.50000,1734.30000,1707.20000,1725.09998
SPFB.GOLD,D,20120127,000000,1722.59998,1741.09998,1720.50000,1741.09998
SPFB.GOLD,D,20120130,000000,1739.09998,1739.09998,1721.00000,1733.40002
SPFB.GOLD,D,20120131,000000,1735.50000,1751.19995,1728.30005,1743.80005
SPFB.GOLD,D,20120201,000000,1741.00000,1760.00000,1736.00000,1748.90002
SPFB.GOLD,D,20120202,000000,1750.80005,1764.09998,1744.30005,1760.80005
SPFB.GOLD,D,20120203,000000,1760.80005,1766.30005,1730.00000,1732.00000
SPFB.GOLD,D,20120206,000000,1735.00000,1742.09998,1715.59998,1725.40002
SPFB.GOLD,D,20120207,000000,1724.80005,1754.50000,1713.69995,1751.00000
SPFB.GOLD,D,20120208,000000,1754.00000,1756.50000,1725.09998,1737.30005
SPFB.GOLD,D,20120209,000000,1738.90002,1760.19995,1730.19995,1735.09998
SPFB.GOLD,D,20120210,000000,1735.80005,1737.69995,1707.80005,1717.80005
SPFB.GOLD,D,20120213,000000,1722.90002,1736.69995,1718.80005,1728.00000
SPFB.GOLD,D,20120214,000000,1726.09998,1730.00000,1715.00000,1717.69995
SPFB.GOLD,D,20120215,000000,1717.69995,1740.00000,1717.69995,1731.59998
SPFB.GOLD,D,20120216,000000,1725.00000,1732.40002,1708.00000,1731.50000
SPFB.GOLD,D,20120217,000000,1732.40002,1738.19995,1720.00000,1726.59998
SPFB.GOLD,D,20120220,000000,1728.00000,1738.50000,1728.00000,1732.90002
SPFB.GOLD,D,20120221,000000,1734.00000,1759.50000,1734.00000,1759.00000
SPFB.GOLD,D,20120222,000000,1759.00000,1784.00000,1750.80005,1777.90002
SPFB.GOLD,D,20120224,000000,1785.00000,1788.90002,1772.00000,1773.40002
SPFB.GOLD,D,20120227,000000,1775.59998,1785.00000,1763.40002,1771.30005
SPFB.GOLD,D,20120228,000000,1773.69995,1793.40002,1773.69995,1786.80005
SPFB.GOLD,D,20120229,000000,1786.09998,1793.09998,1705.90002,1717.00000
SPFB.GOLD,D,20120301,000000,1714.90002,1726.50000,1701.00000,1721.69995
SPFB.GOLD,D,20120302,000000,1721.19995,1721.50000,1701.00000,1714.19995
SPFB.GOLD,D,20120305,000000,1712.69995,1712.80005,1691.69995,1703.30005
SPFB.GOLD,D,20120306,000000,1701.69995,1703.59998,1663.00000,1669.19995
SPFB.GOLD,D,20120307,000000,1675.00000,1687.30000,1670.90002,1683.60000
SPFB.GOLD,D,20120311,000000,1700.90000,1730.00000,1700.90000,1721.19995
SPFB.GOLD,D,20120312,000000,1718.00000,1718.00000,1703.00000,1710.30005
SPFB.GOLD,D,20120313,000000,1715.00000,1720.30005,1674.09998,1676.59998
SPFB.GOLD,D,20120314,000000,1676.59998,1694.30005,1646.00000,1650.19995
SPFB.GOLD,D,20120315,000000,1653.50000,1675.09998,1650.19995,1667.90002
SPFB.GOLD,D,20120316,000000,1667.50000,1673.09998,1647.59998,1667.59998
SPFB.GOLD,D,20120319,000000,1668.90002,1677.00000,1658.09998,1670.00000
SPFB.GOLD,D,20120320,000000,1666.10000,1666.10000,1647.00000,1652.90002
SPFB.GOLD,D,20120321,000000,1655.19995,1667.50000,1651.59998,1657.00000
SPFB.GOLD,D,20120322,000000,1655.10000,1658.00000,1633.80000,1649.09998
SPFB.GOLD,D,20120323,000000,1649.09998,1672.90002,1647.19995,1672.50000
SPFB.GOLD,D,20120326,000000,1672.50000,1698.80000,1660.40002,1697.50000
SPFB.GOLD,D,20120327,000000,1696.10000,1703.80000,1681.30005,1685.00000
SPFB.GOLD,D,20120328,000000,1683.00000,1690.09998,1661.20000,1668.60000
SPFB.GOLD,D,20120329,000000,1666.20000,1670.70000,1651.09998,1669.00000
SPFB.GOLD,D,20120330,000000,1670.00000,1675.90002,1664.60000,1674.00000
SPFB.GOLD,D,20120402,000000,1674.00000,1688.50000,1667.50000,1682.30000
SPFB.GOLD,D,20120403,000000,1683.60000,1685.50000,1642.69995,1649.40002
SPFB.GOLD,D,20120404,000000,1652.50000,1652.50000,1615.10000,1629.80000
SPFB.GOLD,D,20120405,000000,1629.30000,1638.00000,1624.20000,1635.50000
SPFB.GOLD,D,20120406,000000,1635.30005,1642.19995,1630.50000,1631.50000
SPFB.GOLD,D,20120409,000000,1632.80005,1653.50000,1632.80005,1646.00000
SPFB.GOLD,D,20120410,000000,1650.69995,1668.00000,1631.60000,1664.70000
SPFB.GOLD,D,20120411,000000,1664.20000,1666.60000,1656.80000,1660.59998
SPFB.GOLD,D,20120412,000000,1661.69995,1683.50000,1654.09998,1679.50000
SPFB.GOLD,D,20120413,000000,1678.80000,1681.30000,1652.00000,1658.59998
SPFB.GOLD,D,20120416,000000,1656.50000,1662.00000,1645.19995,1656.60000
SPFB.GOLD,D,20120417,000000,1654.60000,1661.30005,1638.60000,1655.00000
SPFB.GOLD,D,20120418,000000,1655.69995,1659.09998,1641.80000,1643.40002
SPFB.GOLD,D,20120419,000000,1642.90002,1657.80005,1635.00000,1645.60000
SPFB.GOLD,D,20120420,000000,1645.60000,1652.10000,1643.00000,1648.00000
SPFB.GOLD,D,20120423,000000,1646.80005,1647.00000,1627.50000,1643.00000
SPFB.GOLD,D,20120424,000000,1639.10000,1653.30000,1636.30000,1646.80005
SPFB.GOLD,D,20120425,000000,1644.80005,1650.00000,1627.00000,1647.00000
SPFB.GOLD,D,20120426,000000,1648.00000,1668.30000,1648.00000,1661.30000
SPFB.GOLD,D,20120427,000000,1660.40000,1670.90000,1653.40000,1666.10000
SPFB.GOLD,D,20120428,000000,1666.00000,1674.80005,1662.70000,1670.09998
SPFB.GOLD,D,20120502,000000,1668.59998,1668.59998,1650.00000,1658.09998
SPFB.GOLD,D,20120503,000000,1655.00000,1655.00000,1634.80005,1640.90002
SPFB.GOLD,D,20120504,000000,1640.30005,1651.60000,1630.69995,1647.30000
SPFB.GOLD,D,20120505,000000,1646.30000,1646.30000,1641.10000,1643.80005
SPFB.GOLD,D,20120507,000000,1643.30005,1647.80005,1636.80005,1641.59998
SPFB.GOLD,D,20120508,000000,1640.59998,1640.59998,1597.59998,1611.09998
SPFB.GOLD,D,20120510,000000,1609.00000,1609.00000,1589.59998,1598.90000
SPFB.GOLD,D,20120511,000000,1595.00000,1595.10000,1576.70000,1584.00000
SPFB.GOLD,D,20120512,000000,1581.00000,1597.30005,1578.10000,1588.90002
SPFB.GOLD,D,20120514,000000,1585.69995,1585.69995,1559.30005,1563.50000
SPFB.GOLD,D,20120515,000000,1562.70000,1568.50000,1547.09998,1547.69995
SPFB.GOLD,D,20120516,000000,1546.00000,1556.00000,1530.50000,1540.30000
SPFB.GOLD,D,20120517,000000,1540.30000,1584.20000,1540.30000,1578.10000
SPFB.GOLD,D,20120518,000000,1576.70000,1601.20000,1573.80000,1593.00000
SPFB.GOLD,D,20120521,000000,1594.00000,1601.69995,1588.00000,1591.70000
SPFB.GOLD,D,20120522,000000,1591.40000,1595.30000,1560.60000,1565.70000
SPFB.GOLD,D,20120523,000000,1565.20000,1567.70000,1536.30000,1566.00000
SPFB.GOLD,D,20120524,000000,1561.40000,1581.00000,1551.09998,1561.50000
SPFB.GOLD,D,20120525,000000,1558.00000,1576.19995,1555.19995,1575.90002
SPFB.GOLD,D,20120528,000000,1576.69995,1586.30005,1575.09998,1578.90000
SPFB.GOLD,D,20120529,000000,1580.00000,1585.10000,1550.00000,1558.40000
SPFB.GOLD,D,20120530,000000,1557.90000,1573.19995,1533.00000,1567.30005
SPFB.GOLD,D,20120531,000000,1567.30005,1576.00000,1554.09998,1565.50000
SPFB.GOLD,D,20120601,000000,1563.70000,1631.19995,1546.20000,1625.69995
SPFB.GOLD,D,20120604,000000,1629.50000,1629.50000,1612.00000,1625.00000
SPFB.GOLD,D,20120605,000000,1620.80000,1624.09998,1613.00000,1615.09998
SPFB.GOLD,D,20120606,000000,1620.19995,1643.50000,1615.00000,1624.00000
SPFB.GOLD,D,20120607,000000,1623.40000,1632.00000,1580.30000,1593.00000
SPFB.GOLD,D,20120608,000000,1591.80000,1597.40000,1567.30000,1595.00000
SPFB.GOLD,D,20120609,000000,1596.00000,1607.70000,1582.30005,1599.00000
SPFB.GOLD,D,20120613,000000,1608.00000,1631.00000,1608.00000,1624.30005
SPFB.GOLD,D,20120614,000000,1628.00000,1635.00000,1618.00000,1633.09998
SPFB.GOLD,D,20120615,000000,1632.30005,1694.80005,1628.50000,1635.30000
SPFB.GOLD,D,20120618,000000,1635.00000,1638.50000,1620.70000,1636.60000
